100
97 9 5744785
81 96 2
71 86 1
11 26 0
1 16 1
61 76 3
51 66 1
21 36 1
41 56 4
31 46 0
91 8 5359745
61 76 4
51 66 0
31 46 4
21 36 5
41 56 1
71 86 1
11 26 3
1 16 0
100 9 142406320572
51 66 5
21 36 3
1 16 2
31 46 5
11 26 1
71 86 1
61 76 1
41 56 3
81 96 0
93 8 27529203167101
61 76 4
71 86 1
51 66 4
31 46 3
21 36 5
41 56 4
1 16 0
11 26 4
92 12 195338642298665705
86 88 0
81 83 3
76 77 1
31 38 1
79 80 2
47 51 2
69 71 1
25 29 3
90 91 0
13 16 2
1 8 8
62 67 5
100 33 16738303632332
91 92 0
88 90 2
34 37 3
99 100 1
40 41 2
42 43 2
52 53 1
73 74 1
7 9 2
2 6 5
82 85 2
97 98 1
75 77 1
18 20 1
57 59 1
78 81 4
28 29 2
15 16 2
44 45 1
67 68 1
50 51 1
11 12 1
30 33 2
86 87 2
55 56 2
38 39 0
13 14 1
61 62 1
48 49 1
22 23 0
95 96 1
24 27 0
63 64 1
93 8 108051895
31 46 1
71 86 1
41 56 3
61 76 4
11 26 3
1 16 0
51 66 0
21 36 5
97 6 817549521288231160
61 70 7
39 42 1
5 7 0
79 94 10
47 51 4
71 77 7
98 9 3640759890808
11 26 1
51 66 2
71 86 3
81 96 5
21 36 3
41 56 1
31 46 3
61 76 2
1 16 1
94 6 809489383051137106
3 12 9
82 85 2
92 94 2
47 59 8
65 80 7
31 40 6
92 8 33104670038
11 26 4
71 86 3
51 66 4
41 56 0
31 46 2
1 16 3
61 76 0
21 36 4
98 9 2617114841043
51 66 0
1 16 5
31 46 3
21 36 1
61 76 3
71 86 5
81 96 2
41 56 5
11 26 2
95 8 808537367114781547
9 11 0
85 91 1
67 69 2
47 53 5
31 36 0
37 45 1
74 77 1
24 29 3
93 39 8855734
17 18 0
48 50 2
31 32 2
86 87 1
8 10 3
59 60 2
72 73 0
35 36 0
76 77 2
88 89 1
33 34 1
15 16 2
65 66 1
69 71 0
3 4 1
78 79 1
27 28 1
29 30 1
45 46 1
39 40 0
61 62 2
1 2 0
5 7 0
13 14 0
19 20 2
25 26 0
11 12 0
90 93 4
67 68 1
53 54 2
51 52 2
23 24 1
81 83 2
41 42 1
37 38 1
43 44 2
84 85 2
56 58 3
21 22 2
91 8 166513884
1 16 2
71 86 0
21 36 2
41 56 4
51 66 2
61 76 5
11 26 1
31 46 1
97 9 17520459105860
41 56 4
51 66 4
11 26 4
71 86 1
1 16 2
21 36 5
81 96 2
31 46 5
61 76 0
95 44 110864
49 50 0
47 48 1
64 65 2
29 30 0
41 42 0
53 55 3
51 52 1
92 93 0
7 8 0
84 85 0
82 83 0
66 67 1
90 91 2
3 4 0
86 87 0
34 35 2
60 61 1
78 79 2
74 75 1
23 24 1
25 26 0
5 6 0
56 57 1
11 13 0
43 44 2
94 95 0
72 73 1
88 89 1
70 71 0
80 81 0
1 2 2
16 17 2
31 33 0
62 63 2
27 28 2
45 46 2
39 40 0
37 38 2
9 10 1
68 69 1
20 21 1
14 15 0
58 59 1
76 77 0
93 1 934933883241052504
42 57 1
95 13 763931417880806772
15 19 3
80 81 1
8 10 1
46 48 1
37 39 1
94 95 1
72 74 1
61 63 1
82 85 0
21 29 8
87 88 0
30 36 7
77 78 0
97 9 8201976559739
51 66 3
11 26 2
21 36 3
71 86 2
1 16 3
31 46 0
61 76 3
81 96 5
41 56 5
97 40 19909929
48 49 1
24 26 2
37 38 2
29 30 2
22 23 2
90 91 0
68 69 0
19 20 1
94 95 1
31 32 0
16 18 1
9 10 2
42 43 0
64 67 2
92 93 2
39 40 1
27 28 0
74 75 1
11 13 0
35 36 1
85 87 0
14 15 2
83 84 0
33 34 2
70 71 1
61 63 1
7 8 0
55 56 0
76 77 0
4 5 0
57 58 2
53 54 0
88 89 2
81 82 1
44 47 4
96 97 0
78 79 2
1 3 3
72 73 1
59 60 1
92 8 2992683896847
41 56 4
31 46 0
1 16 4
51 66 4
71 86 5
11 26 2
21 36 5
61 76 1
100 9 5363652200
11 26 2
41 56 0
51 66 0
81 96 4
1 16 2
31 46 1
71 86 3
61 76 2
21 36 0
98 9 1045358850789973
51 66 5
81 96 2
1 16 3
31 46 4
71 86 5
11 26 1
21 36 4
41 56 3
61 76 3
96 9 5420794211550
81 96 1
31 46 2
51 66 5
41 56 4
71 86 3
61 76 5
21 36 1
11 26 2
1 16 2
100 44 206809
24 25 0
26 27 1
81 83 1
1 2 0
61 62 1
19 20 2
75 76 2
86 87 2
88 89 0
53 54 2
29 31 1
57 58 2
94 95 2
3 4 0
22 23 1
17 18 1
9 12 0
44 45 0
96 97 2
71 72 1
63 64 2
55 56 2
5 6 0
69 70 2
59 60 0
67 68 1
49 52 0
40 41 0
7 8 2
42 43 1
73 74 2
13 14 2
38 39 1
92 93 2
79 80 1
34 36 0
77 78 1
90 91 1
15 16 0
98 100 3
84 85 2
32 33 2
47 48 2
65 66 2
92 13 59924954498001341
42 43 1
74 76 0
31 37 1
64 67 1
44 46 3
4 7 3
85 87 2
57 58 1
8 15 2
60 62 3
38 41 4
77 82 4
53 55 3
97 47 1244
46 47 1
13 14 0
15 16 2
64 65 0
76 77 2
78 79 1
74 75 2
84 85 1
33 34 1
31 32 0
17 19 3
90 91 0
88 89 0
35 36 0
3 4 2
60 61 0
27 28 2
82 83 0
25 26 0
68 69 0
58 59 1
66 67 1
48 49 0
7 8 2
23 24 2
70 71 2
11 12 2
41 42 2
96 97 2
56 57 2
62 63 2
72 73 2
1 2 1
9 10 0
92 93 1
94 95 2
5 6 1
54 55 0
86 87 0
80 81 0
43 45 3
37 38 1
21 22 0
39 40 2
29 30 0
50 51 1
52 53 1
94 8 689662
61 76 4
71 86 0
1 16 4
11 26 1
51 66 0
41 56 4
31 46 0
21 36 4
96 9 10352348
61 76 5
1 16 0
41 56 1
81 96 4
31 46 1
11 26 1
51 66 2
21 36 2
71 86 0
95 1 515607061975300833
80 95 16
98 9 41107442229
51 66 1
21 36 1
71 86 4
81 96 2
41 56 3
31 46 1
1 16 1
61 76 2
11 26 3
98 47 205577
44 45 2
76 77 2
1 2 1
28 29 1
49 50 1
62 63 0
11 12 0
18 19 1
24 25 0
70 71 0
80 81 1
60 61 2
42 43 0
46 48 0
30 31 1
64 65 0
26 27 2
36 37 1
3 4 2
90 91 1
68 69 0
92 93 2
86 87 0
14 15 0
84 85 0
32 33 2
78 79 1
95 96 0
56 57 0
82 83 1
5 6 1
38 39 0
20 21 2
53 54 2
16 17 0
97 98 1
88 89 1
74 75 0
72 73 0
58 59 1
22 23 2
51 52 0
9 10 1
40 41 2
7 8 2
66 67 2
34 35 2
97 9 54971003293
61 76 2
21 36 5
11 26 5
41 56 1
31 46 3
51 66 1
1 16 3
81 96 1
71 86 0
97 20 8751291834351591
78 85 3
7 12 1
24 26 3
67 69 1
75 77 2
57 58 2
27 28 2
37 39 2
3 4 0
13 17 4
34 36 3
90 92 1
63 64 2
73 74 0
40 42 2
60 62 2
1 2 2
45 48 0
51 55 4
29 32 3
91 30 139031402269
67 68 0
61 62 2
34 36 0
46 47 2
7 8 0
74 76 3
54 55 2
39 40 1
17 23 3
58 60 1
48 51 4
11 12 1
72 73 1
25 26 1
3 4 1
14 15 1
79 82 4
32 33 2
52 53 1
41 43 2
37 38 2
56 57 2
89 91 0
64 66 1
77 78 1
5 6 1
1 2 1
85 87 1
28 30 2
69 70 2
95 8 84813483391904017
51 66 3
41 56 3
21 36 4
71 86 4
11 26 4
61 76 5
31 46 1
1 16 5
99 40 3810720616
53 54 1
90 91 2
86 87 2
88 89 2
21 23 2
8 9 2
36 38 2
2 3 2
30 33 1
57 58 1
48 49 1
14 16 2
34 35 2
39 40 0
41 43 2
10 11 0
76 77 0
65 66 0
4 5 1
74 75 0
46 47 1
61 62 1
82 85 3
59 60 0
6 7 2
17 18 0
67 68 0
96 99 1
72 73 1
12 13 0
44 45 2
69 71 2
19 20 1
63 64 2
78 79 1
94 95 1
50 52 2
25 26 2
55 56 2
80 81 0
93 8 59920841660471
41 56 3
1 16 3
21 36 3
61 76 1
71 86 1
11 26 4
31 46 5
51 66 5
100 22 247182121257082
98 99 0
18 19 0
92 93 2
52 53 0
71 76 4
88 91 0
67 69 3
83 85 2
96 97 2
31 35 1
2 3 1
7 9 2
26 28 3
37 38 1
12 17 3
41 42 1
81 82 0
43 44 2
62 64 0
47 51 0
58 61 0
77 79 0
97 9 8911251287953
31 46 5
1 16 1
21 36 1
61 76 3
41 56 3
11 26 3
71 86 2
81 96 5
51 66 5
97 9 3474436627285
71 86 5
41 56 0
61 76 3
11 26 3
31 46 1
1 16 3
51 66 2
81 96 3
21 36 3
93 16 660972948093361
80 82 0
63 67 1
52 54 1
75 76 0
35 37 2
71 73 0
47 48 2
32 34 0
86 92 1
24 25 2
50 51 0
55 57 0
16 17 0
30 31 0
2 9 0
13 14 1
91 6 186658346668468858
7 9 1
28 32 2
65 80 4
83 89 6
18 20 0
34 45 0
94 18 3245802247121288
1 4 3
16 18 3
44 46 1
75 77 0
35 36 1
14 15 0
11 12 0
80 81 1
32 34 1
20 23 1
26 31 3
69 72 4
50 58 1
88 92 4
67 68 1
60 65 2
38 41 1
84 85 2
94 36 690138319
28 29 2
91 93 1
43 46 0
67 68 0
60 61 0
79 80 1
55 56 2
83 84 1
25 27 0
12 13 1
8 9 1
35 36 1
37 38 2
16 17 1
14 15 1
30 31 0
77 78 1
65 66 1
87 88 2
48 49 1
62 64 2
6 7 0
39 40 2
10 11 1
1 2 1
18 19 2
75 76 0
85 86 2
69 72 1
57 58 0
89 90 0
50 51 0
3 5 3
33 34 2
73 74 2
52 54 0
99 9 24711432382
71 86 3
21 36 5
41 56 4
11 26 2
31 46 4
51 66 1
81 96 0
61 76 2
1 16 0
94 5 97039367470415472
11 19 7
41 43 3
22 34 7
69 78 0
45 52 5
100 1 1000000000000000000
1 1 0
98 9 7084010391844
21 36 5
61 76 0
71 86 2
1 16 1
11 26 3
51 66 4
31 46 2
41 56 5
81 96 4
97 9 5302293799030974
11 26 3
71 86 5
41 56 4
31 46 4
1 16 1
61 76 4
51 66 2
81 96 5
21 36 5
93 8 169657361154820
1 16 5
51 66 2
61 76 4
71 86 5
41 56 4
21 36 5
31 46 0
11 26 3
93 8 90180567918
61 76 3
1 16 3
21 36 3
41 56 2
51 66 2
11 26 0
31 46 4
71 86 0
92 8 120112567228
11 26 2
71 86 4
31 46 1
61 76 4
21 36 0
51 66 3
1 16 1
41 56 4
100 9 1494332493572
51 66 5
1 16 2
81 96 2
31 46 1
71 86 4
21 36 5
61 76 4
41 56 0
11 26 2
95 36 1483745226
59 60 1
2 3 0
64 66 2
4 6 2
53 54 2
17 18 0
57 58 0
51 52 1
31 32 1
73 76 3
89 90 0
11 12 2
15 16 0
21 22 0
55 56 2
91 92 0
33 34 0
7 8 0
94 95 1
81 82 0
25 26 2
9 10 1
77 79 3
85 86 2
71 72 2
40 41 1
46 47 1
44 45 1
27 29 3
83 84 2
48 49 2
68 70 2
42 43 2
35 36 2
37 39 1
61 62 1
97 9 182735
1 16 0
81 96 2
51 66 5
41 56 2
21 36 1
31 46 1
61 76 0
11 26 0
71 86 5
92 8 398773975
61 76 4
1 16 0
11 26 0
31 46 5
51 66 0
21 36 3
71 86 2
41 56 2
92 12 265975531068845772
16 20 0
52 55 0
38 39 1
70 71 2
56 61 4
40 46 5
85 86 0
25 37 8
2 4 1
10 14 5
63 65 3
88 90 1
100 48 73464
13 14 2
42 43 1
17 18 0
50 51 2
78 80 1
46 47 0
83 84 0
54 55 1
88 89 2
11 12 2
21 22 0
60 61 0
31 32 1
52 53 2
37 38 1
81 82 1
29 30 0
44 45 2
97 98 2
9 10 2
1 2 0
5 6 0
15 16 0
56 57 1
33 34 2
90 92 3
76 77 2
66 67 2
99 100 0
19 20 0
86 87 0
39 41 2
62 63 1
74 75 1
68 69 2
35 36 0
7 8 2
93 94 2
23 24 1
3 4 1
95 96 0
64 65 0
27 28 0
58 59 2
25 26 1
70 71 0
48 49 1
72 73 0
97 27 8500449772042
80 84 1
22 25 0
44 45 0
5 6 0
2 3 0
14 15 1
70 73 3
26 27 1
35 36 2
30 34 3
96 97 1
61 63 1
65 66 2
92 95 2
7 8 2
17 18 0
85 86 1
20 21 0
90 91 1
50 51 1
40 41 1
38 39 0
46 48 0
52 60 8
76 79 1
9 10 2
11 13 3
97 28 206308120242187
44 45 1
5 6 1
65 67 1
51 52 0
53 57 4
37 40 2
14 15 1
48 50 1
29 31 2
90 93 2
71 75 3
20 21 2
83 85 3
42 43 1
23 25 1
34 36 3
88 89 2
7 9 0
27 28 1
18 19 0
61 62 0
58 59 0
10 11 2
32 33 2
69 70 1
96 97 0
3 4 2
80 82 2
99 36 4397020721
63 65 0
91 92 2
61 62 2
12 13 2
81 82 0
21 22 2
2 3 1
77 80 0
44 45 1
9 10 1
33 34 1
14 15 1
4 6 0
38 39 1
69 70 2
28 29 2
54 55 2
95 96 1
56 57 2
87 88 0
97 98 1
89 90 2
74 75 2
31 32 2
58 60 2
67 68 1
48 49 0
23 24 0
40 43 3
25 26 0
36 37 0
19 20 2
46 47 0
50 51 1
83 85 3
17 18 1
92 8 214106491
61 76 0
51 66 0
11 26 4
31 46 0
71 86 2
21 36 2
41 56 3
1 16 2
98 38 414700696
41 43 2
34 36 0
57 60 1
32 33 0
48 52 3
88 90 2
3 4 0
53 55 2
61 62 0
76 77 1
85 87 2
95 96 0
73 74 2
12 15 4
78 79 0
66 67 0
26 27 0
46 47 2
39 40 0
91 92 0
19 20 0
37 38 0
93 94 2
80 81 1
30 31 2
63 64 2
10 11 1
68 70 1
6 7 1
44 45 2
71 72 0
8 9 0
21 23 2
97 98 0
16 17 1
28 29 2
24 25 2
1 2 1
97 9 22395222012130
1 16 5
81 96 2
51 66 5
41 56 5
71 86 2
11 26 0
61 76 3
31 46 2
21 36 2
100 9 136232185735
1 16 5
71 86 4
41 56 2
51 66 5
81 96 0
61 76 2
21 36 3
31 46 5
11 26 0
100 21 19963501450713
4 5 0
81 82 0
64 65 2
74 75 0
21 26 0
71 72 2
89 93 5
27 29 1
61 63 0
7 9 3
16 19 0
77 80 2
39 49 9
98 99 0
94 97 4
1 2 2
50 51 0
66 70 2
31 33 2
53 60 3
86 88 1
98 45 831210
53 54 2
32 34 0
58 59 2
35 36 0
68 69 1
56 57 0
83 84 2
87 88 1
26 27 2
70 71 1
61 63 1
13 14 0
43 44 0
85 86 0
17 18 2
64 65 1
11 12 0
66 67 0
51 52 0
76 77 2
28 29 2
74 75 0
92 93 0
19 20 1
47 48 1
1 2 0
78 79 0
45 46 1
49 50 0
21 23 1
5 6 2
7 8 1
30 31 2
89 91 1
9 10 0
72 73 1
24 25 2
39 40 0
94 95 1
96 97 1
81 82 0
15 16 2
3 4 1
37 38 0
41 42 0
91 8 16476587981
61 76 2
51 66 3
11 26 2
71 86 0
1 16 5
41 56 0
21 36 4
31 46 2
92 4 240540008203756219
15 16 1
21 33 13
91 92 0
61 76 9
91 33 7095132
8 10 2
24 27 1
32 33 0
13 15 0
34 35 0
55 56 0
1 2 2
71 74 4
59 60 0
87 89 3
51 52 2
69 70 2
3 4 0
18 20 1
61 62 1
16 17 0
28 29 2
5 7 0
21 22 1
75 79 0
45 47 2
42 43 1
38 39 0
80 82 1
83 84 0
90 91 2
53 54 0
66 67 1
40 41 0
48 50 1
64 65 1
36 37 0
57 58 2
95 8 3457962537
31 46 5
11 26 1
41 56 1
71 86 0
21 36 3
61 76 3
1 16 0
51 66 5
100 9 384043211155789365
27 32 6
21 24 2
39 50 2
83 98 3
55 58 2
6 19 3
1 2 2
59 61 0
65 79 2
97 38 539763455
8 9 1
89 90 0
31 32 2
4 5 2
62 63 0
94 95 2
35 37 1
74 75 1
76 77 2
92 93 2
17 18 2
83 84 2
69 71 3
25 26 1
96 97 1
55 56 1
13 14 2
6 7 2
50 54 1
65 66 1
72 73 0
29 30 1
67 68 1
85 86 0
27 28 2
23 24 0
45 47 1
48 49 0
11 12 0
87 88 2
15 16 1
38 39 0
80 81 1
20 21 0
78 79 1
58 60 3
40 43 1
2 3 2
100 39 87543183
67 68 0
77 79 1
51 52 2
26 31 0
39 40 1
65 66 0
7 8 0
15 16 0
97 98 0
3 4 2
73 75 2
46 47 1
9 10 0
56 57 2
5 6 1
95 96 0
35 36 0
20 21 0
62 64 1
41 43 0
58 59 1
81 82 1
37 38 2
60 61 0
92 93 0
11 14 2
1 2 2
17 18 2
44 45 1
32 33 1
71 72 1
86 87 2
83 85 0
90 91 0
69 70 1
88 89 0
48 49 1
99 100 1
22 24 2
100 9 4424606262896
61 76 2
41 56 4
1 16 0
71 86 5
81 96 4
21 36 3
11 26 3
51 66 2
31 46 1
97 9 6103139942
31 46 0
41 56 2
71 86 5
21 36 3
11 26 1
81 96 3
1 16 5
61 76 0
51 66 4
95 24 977545914006129
83 84 2
6 10 1
28 30 3
60 61 1
34 35 1
50 52 2
55 57 1
67 68 0
37 46 3
91 93 0
81 82 2
17 19 3
85 87 0
22 23 2
13 14 1
63 65 2
47 49 2
89 90 1
1 2 2
75 77 3
70 72 2
73 74 1
20 21 1
11 12 1
99 9 7090265664201
41 56 4
51 66 4
11 26 4
81 96 4
61 76 0
1 16 2
21 36 1
71 86 2
31 46 4
99 24 47591198516882
91 94 3
89 90 1
87 88 1
83 84 2
3 7 4
66 69 2
79 81 1
9 11 2
98 99 0
55 61 2
28 31 3
43 47 5
85 86 1
14 19 0
32 33 2
70 71 1
37 39 1
22 27 6
48 50 3
53 54 2
20 21 0
75 76 2
41 42 1
1 2 1
98 17 680478155932314874
41 45 3
80 83 2
13 14 0
10 12 0
63 65 2
7 8 2
34 36 2
29 33 1
78 79 0
52 56 2
71 74 0
47 48 0
57 59 1
67 70 3
22 23 1
85 98 5
18 19 1
93 8 1069382721651
31 46 1
41 56 1
1 16 2
71 86 3
51 66 1
61 76 3
11 26 3
21 36 2
99 9 57603310421
21 36 4
31 46 2
81 96 5
1 16 5
11 26 1
71 86 4
61 76 0
51 66 0
41 56 0
93 29 46575100876
39 41 3
69 76 2
42 43 2
61 62 0
88 89 0
24 25 2
85 86 2
66 68 2
64 65 0
20 22 1
12 13 1
48 50 3
16 19 3
46 47 2
10 11 1
31 32 1
28 30 3
14 15 1
51 52 0
8 9 0
56 57 0
5 6 0
36 38 3
54 55 2
80 82 2
77 78 0
34 35 0
59 60 0
90 91 2
98 9 325657
21 36 0
41 56 2
81 96 1
61 76 0
71 86 4
31 46 5
1 16 3
51 66 5
11 26 0
95 10 63488284877146985
26 27 2
32 34 0
52 53 0
40 41 1
2 3 0
64 66 3
57 61 2
18 23 3
55 56 2
74 80 2
100 100 1
1 1 1
2 2 1
3 3 0
4 4 0
5 5 1
6 6 1
7 7 1
8 8 0
9 9 1
10 10 0
11 11 0
12 12 0
13 13 1
14 14 1
15 15 1
16 16 0
17 17 0
18 18 0
19 19 0
20 20 0
21 21 1
22 22 0
23 23 0
24 24 0
25 25 0
26 26 1
27 27 0
28 28 0
29 29 1
30 30 1
31 31 0
32 32 0
33 33 0
34 34 1
35 35 1
36 36 0
37 37 1
38 38 1
39 39 1
40 40 1
41 41 1
42 42 0
43 43 0
44 44 1
45 45 1
46 46 0
47 47 0
48 48 1
49 49 0
50 50 0
51 51 0
52 52 0
53 53 0
54 54 1
55 55 1
56 56 1
57 57 1
58 58 0
59 59 0
60 60 1
61 61 0
62 62 0
63 63 0
64 64 1
65 65 0
66 66 1
67 67 1
68 68 1
69 69 0
70 70 0
71 71 0
72 72 1
73 73 0
74 74 1
75 75 1
76 76 1
77 77 1
78 78 1
79 79 1
80 80 1
81 81 0
82 82 0
83 83 0
84 84 0
85 85 1
86 86 1
87 87 0
88 88 1
89 89 1
90 90 0
91 91 1
92 92 0
93 93 0
94 94 0
95 95 1
96 96 1
97 97 1
98 98 0
99 99 1
100 100 0
96 9 122751600643
31 46 3
81 96 4
51 66 5
41 56 2
21 36 4
71 86 3
11 26 1
61 76 2
1 16 0
100 9 9082707
71 86 2
21 36 4
61 76 0
11 26 0
31 46 1
81 96 5
41 56 5
51 66 0
1 16 2
97 39 41004981
95 96 1
57 58 1
10 11 2
22 23 2
50 51 2
19 21 1
15 16 0
5 6 2
8 9 0
1 3 1
28 29 1
59 60 2
46 47 1
40 41 0
26 27 0
52 53 0
64 65 0
13 14 2
93 94 0
30 31 1
35 36 2
43 44 2
91 92 0
17 18 2
89 90 1
86 88 0
66 67 1
37 38 2
24 25 2
77 80 3
61 62 1
82 83 2
54 56 3
84 85 2
74 75 0
48 49 0
72 73 2
33 34 0
68 71 1
92 8 2481830602325
51 66 3
21 36 3
31 46 4
61 76 2
1 16 1
11 26 2
71 86 1
41 56 5
91 32 648540698272
54 55 2
89 90 1
78 79 1
60 61 2
80 81 2
20 21 2
12 13 0
69 70 0
63 64 1
18 19 1
37 39 1
22 24 2
75 76 1
50 51 1
28 29 1
87 88 1
52 53 1
48 49 0
45 46 1
2 4 2
40 42 2
65 66 2
25 27 1
10 11 0
83 86 1
34 35 2
7 9 3
43 44 2
71 72 1
73 74 0
57 59 2
30 32 3
95 8 88386220
21 36 0
11 26 2
71 86 5
61 76 0
41 56 2
1 16 0
31 46 3
51 66 4
94 14 20990167786370707
20 22 3
47 50 3
61 62 1
88 91 4
85 86 2
34 41 5
64 69 1
55 60 2
10 11 2
42 46 5
8 9 1
79 84 0
53 54 0
26 29 3
92 28 736416676379
68 70 1
27 28 0
8 9 1
86 88 2
1 2 1
90 91 0
81 82 2
75 77 0
55 56 2
51 52 0
61 64 1
36 37 1
11 15 3
41 43 2
25 26 1
45 47 0
30 31 0
18 20 0
73 74 1
78 79 0
34 35 2
32 33 2
16 17 2
3 7 2
71 72 1
21 24 0
58 60 2
38 39 0
98 13 218069500735544
11 16 6
17 20 2
82 85 3
54 55 2
79 81 1
6 9 0
21 32 2
92 98 1
77 78 0
86 91 4
66 70 0
2 5 4
37 50 11
94 33 179055504505
10 11 0
47 48 1
30 31 2
77 78 1
93 94 1
73 75 0
55 56 1
26 29 2
19 20 1
49 50 1
8 9 2
38 39 0
44 45 2
1 3 2
63 64 0
21 23 3
40 43 3
35 36 1
91 92 1
17 18 1
69 70 2
60 61 0
65 67 0
71 72 0
15 16 1
79 80 1
4 6 2
33 34 0
89 90 1
81 82 2
58 59 2
87 88 0
51 53 0
98 9 3255859629
1 16 1
61 76 3
11 26 5
21 36 4
51 66 5
41 56 0
71 86 0
81 96 1
31 46 3
93 8 6427885583
71 86 1
11 26 2
21 36 1
51 66 1
61 76 3
41 56 1
31 46 0
1 16 4
