100
93 70 5071880
48 48 1
67 67 0
34 34 0
14 14 0
37 37 0
6 6 1
60 60 1
42 42 1
91 91 1
69 69 0
36 36 1
45 45 0
77 77 0
44 44 0
57 57 1
90 90 0
55 55 1
47 47 1
39 39 0
84 84 1
78 78 1
15 15 1
46 46 0
59 59 1
93 93 1
7 7 1
82 82 0
83 83 1
87 87 1
53 53 0
49 49 0
5 5 0
35 35 0
1 1 1
18 18 1
56 56 0
41 41 1
63 63 1
70 70 1
51 51 0
32 32 1
81 81 0
9 9 0
21 21 0
86 86 0
25 25 0
29 29 0
61 61 0
89 89 1
65 65 1
72 72 0
64 64 1
76 76 0
50 50 1
13 13 0
19 19 0
71 71 0
2 2 1
4 4 0
58 58 0
85 85 1
27 27 1
54 54 1
75 75 0
23 23 0
24 24 1
43 43 1
22 22 0
8 8 0
3 3 1
97 52 6874975126886
95 95 0
5 5 0
86 86 0
55 55 1
69 69 0
15 15 0
51 51 0
11 11 0
12 12 1
45 45 1
81 81 1
75 75 1
67 67 0
14 14 0
2 2 1
72 72 1
89 89 0
94 94 1
37 37 1
3 3 0
96 96 0
39 39 1
80 80 1
49 49 0
30 30 0
87 87 0
6 6 0
52 52 1
41 41 0
57 57 0
9 9 1
40 40 1
43 43 0
32 32 1
27 27 1
16 16 0
68 68 1
58 58 1
50 50 1
8 8 0
26 26 0
53 53 0
19 19 1
61 61 1
31 31 0
85 85 0
4 4 1
71 71 1
78 78 0
70 70 0
20 20 1
82 82 0
100 51 89149321365615
52 52 0
13 13 0
29 29 1
69 69 1
97 97 1
100 100 0
42 42 0
88 88 0
73 73 1
49 49 0
43 43 0
27 27 1
41 41 1
61 61 0
57 57 0
99 99 1
59 59 0
38 38 1
85 85 1
17 17 0
19 19 1
66 66 0
92 92 0
23 23 0
24 24 0
20 20 0
54 54 0
91 91 0
18 18 0
32 32 1
1 1 1
90 90 1
2 2 1
5 5 1
45 45 0
16 16 1
68 68 1
31 31 1
35 35 0
58 58 1
56 56 1
51 51 0
96 96 1
64 64 0
39 39 1
14 14 0
33 33 0
74 74 0
80 80 0
36 36 0
63 63 1
10 4 64
5 5 0
1 1 1
2 2 1
4 4 0
100 75 24741558
78 78 0
70 70 0
44 44 0
31 31 0
20 20 0
42 42 0
7 7 0
49 49 0
57 57 0
96 96 0
95 95 0
21 21 0
63 63 0
76 76 1
18 18 0
92 92 1
22 22 0
68 68 0
14 14 1
98 98 0
56 56 1
73 73 1
16 16 1
60 60 1
51 51 1
53 53 0
33 33 1
36 36 1
77 77 1
23 23 0
54 54 0
89 89 1
24 24 0
85 85 0
97 97 1
11 11 1
38 38 1
39 39 1
91 91 0
45 45 1
3 3 1
2 2 0
93 93 0
84 84 0
28 28 0
41 41 1
27 27 0
72 72 1
26 26 0
94 94 0
71 71 1
48 48 1
50 50 1
81 81 1
19 19 1
4 4 1
75 75 0
69 69 1
37 37 0
99 99 1
52 52 0
86 86 0
13 13 1
62 62 1
17 17 1
88 88 0
79 79 0
59 59 0
43 43 0
83 83 0
100 100 0
32 32 1
58 58 1
5 5 0
87 87 0
95 65 780573773
41 41 1
92 92 0
60 60 0
4 4 0
80 80 1
62 62 0
16 16 0
37 37 0
81 81 1
82 82 0
14 14 0
10 10 0
75 75 0
76 76 1
88 88 1
20 20 1
49 49 0
77 77 0
73 73 0
61 61 1
15 15 0
35 35 1
47 47 0
36 36 0
84 84 1
50 50 0
85 85 0
74 74 0
90 90 1
3 3 1
48 48 1
68 68 1
33 33 1
63 63 0
78 78 1
66 66 0
65 65 0
5 5 1
39 39 0
32 32 1
11 11 1
19 19 1
18 18 0
38 38 1
34 34 1
40 40 1
55 55 0
67 67 0
27 27 0
95 95 1
17 17 1
52 52 0
31 31 1
30 30 1
9 9 0
1 1 0
43 43 1
25 25 1
13 13 0
93 93 1
21 21 0
86 86 0
53 53 0
72 72 1
89 89 1
97 27 705300044892928954
31 31 0
29 29 1
83 83 0
51 51 1
5 5 1
45 45 0
40 40 0
26 26 1
38 38 1
1 1 0
81 81 1
72 72 0
84 84 0
92 92 0
80 80 1
20 20 0
95 95 1
11 11 0
68 68 0
60 60 0
27 27 0
13 13 1
64 64 0
39 39 1
71 71 1
58 58 1
42 42 0
91 3 205182848926642590
14 14 0
62 62 0
90 90 1
98 50 128998726555089
82 82 1
81 81 1
31 31 1
38 38 0
29 29 0
52 52 1
4 4 0
47 47 0
98 98 1
87 87 1
16 16 1
66 66 1
65 65 1
13 13 1
2 2 0
77 77 1
50 50 1
97 97 1
64 64 1
11 11 0
1 1 1
51 51 1
59 59 0
45 45 1
83 83 1
94 94 1
80 80 1
67 67 1
26 26 0
21 21 1
6 6 0
24 24 0
91 91 1
71 71 0
41 41 0
36 36 0
15 15 1
19 19 1
88 88 0
9 9 0
73 73 1
90 90 0
69 69 0
84 84 0
49 49 1
39 39 0
58 58 1
56 56 0
12 12 1
57 57 1
10 2 41
10 10 1
8 8 1
96 65 841563921
96 96 0
70 70 0
94 94 0
93 93 1
41 41 1
88 88 0
6 6 0
27 27 1
49 49 1
50 50 0
87 87 1
82 82 1
74 74 1
33 33 0
57 57 0
73 73 1
28 28 0
17 17 1
43 43 1
37 37 0
68 68 1
53 53 0
61 61 0
15 15 0
69 69 1
45 45 1
34 34 1
31 31 1
25 25 0
60 60 1
20 20 1
89 89 1
3 3 0
77 77 1
72 72 1
80 80 1
84 84 0
5 5 0
86 86 1
26 26 0
40 40 1
14 14 0
44 44 1
9 9 0
23 23 0
11 11 0
36 36 1
81 81 1
63 63 1
30 30 1
42 42 1
46 46 1
12 12 1
24 24 1
78 78 0
54 54 1
13 13 0
83 83 1
85 85 0
51 51 0
35 35 0
91 91 0
47 47 1
95 95 0
65 65 1
95 26 219702061942037350
94 94 1
26 26 1
69 69 1
38 38 1
5 5 0
58 58 1
43 43 0
51 51 0
59 59 0
68 68 1
87 87 1
73 73 0
56 56 1
2 2 0
54 54 0
24 24 1
22 22 0
14 14 0
66 66 1
1 1 0
48 48 0
41 41 0
45 45 0
84 84 1
61 61 1
16 16 0
99 2 724951812697322669
95 95 0
91 91 1
6 2 8
3 3 1
4 4 0
91 78 3419
49 49 1
78 78 1
48 48 0
74 74 0
13 13 0
2 2 1
36 36 1
47 47 0
26 26 0
19 19 1
45 45 0
73 73 1
81 81 0
17 17 1
23 23 1
86 86 0
7 7 0
39 39 0
12 12 1
64 64 1
10 10 0
44 44 0
60 60 1
80 80 1
76 76 1
31 31 0
89 89 1
50 50 1
3 3 0
46 46 1
66 66 1
15 15 0
5 5 1
4 4 0
21 21 1
62 62 0
68 68 0
6 6 1
8 8 1
75 75 1
71 71 1
72 72 0
24 24 0
1 1 0
79 79 1
35 35 1
85 85 0
52 52 1
29 29 1
54 54 0
37 37 0
30 30 1
38 38 0
42 42 0
27 27 0
55 55 0
9 9 1
40 40 1
33 33 0
16 16 1
69 69 1
18 18 0
57 57 0
51 51 0
91 91 0
59 59 1
56 56 0
58 58 1
67 67 1
28 28 0
20 20 0
63 63 0
53 53 0
87 87 0
65 65 1
61 61 0
32 32 0
70 70 1
92 91 2
45 45 1
84 84 1
76 76 0
52 52 0
24 24 0
1 1 1
9 9 0
35 35 1
15 15 0
47 47 0
72 72 0
83 83 0
5 5 0
37 37 1
34 34 0
40 40 1
74 74 1
58 58 0
17 17 0
28 28 1
71 71 0
91 91 0
14 14 1
46 46 0
86 86 1
6 6 0
78 78 0
65 65 1
42 42 1
73 73 1
16 16 0
82 82 1
60 60 1
50 50 0
7 7 0
64 64 0
57 57 1
30 30 1
20 20 1
3 3 1
39 39 1
49 49 0
31 31 1
8 8 0
51 51 1
56 56 1
66 66 0
2 2 0
19 19 1
92 92 1
12 12 0
21 21 1
79 79 0
81 81 0
75 75 1
77 77 1
32 32 1
55 55 0
33 33 0
41 41 0
22 22 0
61 61 0
43 43 1
59 59 0
23 23 1
18 18 1
80 80 0
87 87 0
11 11 1
25 25 0
53 53 0
48 48 1
38 38 1
36 36 0
54 54 1
85 85 0
27 27 1
63 63 0
68 68 0
62 62 1
13 13 0
44 44 0
70 70 1
69 69 0
67 67 0
10 10 1
26 26 0
29 29 1
89 89 1
88 88 1
90 90 0
100 2 889573036685840899
89 89 0
84 84 1
95 79 49518
72 72 0
85 85 1
95 95 1
32 32 0
10 10 0
21 21 1
65 65 0
6 6 1
64 64 1
2 2 1
73 73 0
48 48 0
50 50 1
40 40 1
90 90 1
81 81 1
49 49 1
54 54 1
68 68 0
28 28 1
63 63 1
57 57 0
16 16 0
42 42 1
93 93 1
77 77 0
52 52 0
18 18 1
53 53 1
89 89 1
35 35 0
61 61 1
84 84 0
33 33 1
37 37 1
4 4 1
55 55 1
66 66 0
45 45 0
8 8 1
27 27 1
29 29 1
12 12 1
91 91 1
19 19 1
58 58 0
69 69 0
30 30 1
70 70 1
17 17 1
46 46 0
82 82 0
76 76 1
43 43 1
60 60 1
74 74 0
88 88 1
3 3 1
20 20 0
24 24 0
83 83 1
41 41 0
94 94 0
75 75 1
62 62 1
25 25 1
34 34 1
56 56 0
14 14 0
39 39 1
13 13 1
47 47 0
44 44 1
78 78 1
92 92 0
11 11 0
22 22 0
79 79 1
23 23 1
97 56 1084366296451
34 34 0
86 86 0
32 32 1
90 90 0
3 3 0
62 62 1
29 29 1
10 10 0
45 45 0
93 93 0
25 25 0
61 61 0
51 51 1
24 24 0
48 48 1
72 72 1
77 77 0
41 41 0
6 6 1
31 31 1
54 54 1
21 21 1
36 36 0
60 60 0
4 4 1
44 44 0
46 46 0
7 7 0
30 30 1
22 22 1
64 64 0
76 76 0
87 87 0
16 16 0
80 80 1
92 92 0
19 19 0
56 56 1
68 68 1
74 74 0
14 14 0
67 67 1
95 95 0
75 75 1
20 20 0
83 83 1
82 82 1
35 35 0
85 85 0
12 12 0
73 73 0
9 9 1
33 33 0
39 39 1
96 96 0
53 53 1
98 4 417037086394067643
75 75 1
49 49 0
98 98 1
41 41 0
93 60 1804304371
6 6 0
90 90 0
8 8 0
24 24 0
86 86 0
75 75 0
43 43 0
11 11 1
23 23 0
60 60 0
1 1 1
7 7 1
59 59 0
28 28 0
70 70 0
46 46 1
27 27 1
71 71 1
37 37 1
78 78 1
77 77 0
33 33 1
49 49 1
66 66 1
13 13 1
52 52 1
74 74 1
50 50 0
56 56 1
83 83 0
15 15 0
87 87 1
85 85 0
30 30 0
57 57 0
53 53 0
38 38 1
29 29 1
21 21 0
20 20 0
45 45 1
67 67 0
4 4 0
12 12 0
41 41 1
68 68 0
63 63 0
10 10 1
2 2 1
34 34 1
18 18 0
48 48 0
82 82 0
92 92 1
19 19 0
65 65 1
35 35 1
39 39 1
73 73 1
54 54 1
96 47 164097011169109
14 14 1
95 95 0
76 76 0
31 31 1
74 74 0
53 53 1
55 55 0
24 24 1
29 29 1
5 5 0
2 2 1
36 36 0
88 88 1
32 32 0
73 73 0
64 64 1
84 84 0
13 13 1
72 72 1
1 1 0
42 42 0
93 93 1
79 79 0
52 52 0
85 85 1
22 22 0
46 46 0
49 49 1
9 9 0
60 60 0
77 77 0
16 16 0
4 4 0
56 56 1
89 89 1
38 38 1
47 47 1
17 17 1
18 18 1
15 15 1
82 82 0
86 86 1
68 68 1
21 21 1
78 78 1
48 48 0
39 39 0
96 89 122
60 60 0
54 54 1
22 22 1
3 3 1
33 33 0
77 77 1
78 78 1
69 69 0
19 19 1
45 45 0
23 23 1
21 21 0
43 43 0
85 85 0
73 73 1
6 6 0
62 62 0
61 61 1
10 10 0
89 89 0
42 42 0
70 70 1
76 76 1
34 34 1
88 88 0
96 96 0
5 5 1
41 41 1
57 57 1
8 8 0
27 27 1
18 18 1
80 80 0
79 79 0
12 12 1
58 58 1
51 51 1
93 93 0
87 87 0
82 82 0
90 90 0
53 53 1
39 39 0
91 91 0
7 7 0
29 29 1
35 35 1
65 65 0
50 50 0
59 59 1
30 30 1
31 31 0
4 4 0
94 94 0
48 48 0
16 16 0
2 2 0
75 75 0
74 74 0
9 9 1
67 67 0
14 14 0
86 86 0
55 55 1
44 44 1
40 40 0
28 28 1
49 49 0
24 24 1
37 37 1
38 38 1
26 26 1
20 20 1
56 56 0
95 95 0
17 17 1
66 66 1
32 32 0
63 63 0
36 36 1
83 83 1
25 25 0
84 84 1
47 47 1
11 11 0
64 64 1
71 71 1
15 15 1
68 68 1
100 1 1000000000000000000
1 1 1
96 66 51119535
52 52 1
35 35 0
91 91 1
62 62 0
94 94 1
80 80 0
50 50 0
7 7 0
93 93 0
19 19 1
10 10 0
28 28 0
54 54 0
63 63 1
48 48 0
15 15 0
30 30 0
70 70 0
76 76 1
57 57 0
13 13 0
21 21 1
33 33 0
56 56 1
47 47 1
46 46 1
68 68 1
2 2 1
79 79 0
55 55 1
96 96 1
61 61 1
85 85 0
59 59 0
3 3 1
73 73 1
42 42 1
90 90 1
24 24 0
44 44 1
64 64 1
25 25 1
82 82 1
74 74 1
20 20 0
69 69 1
83 83 0
77 77 1
31 31 1
34 34 1
11 11 0
53 53 1
27 27 0
40 40 0
5 5 1
37 37 0
39 39 0
43 43 1
18 18 0
14 14 0
67 67 1
51 51 1
12 12 1
8 8 1
22 22 0
49 49 1
100 98 4
48 48 0
78 78 1
87 87 0
59 59 1
12 12 0
10 10 0
92 92 1
46 46 0
47 47 0
62 62 1
95 95 1
26 26 1
74 74 1
1 1 1
13 13 0
34 34 1
22 22 1
91 91 0
72 72 1
60 60 1
36 36 1
7 7 0
4 4 0
28 28 1
66 66 1
99 99 0
25 25 1
73 73 1
90 90 1
27 27 1
84 84 0
88 88 1
29 29 0
39 39 0
79 79 0
64 64 1
86 86 0
17 17 1
100 100 1
96 96 1
30 30 0
43 43 0
32 32 0
69 69 0
76 76 1
94 94 1
18 18 0
23 23 1
51 51 0
31 31 1
68 68 1
54 54 1
44 44 1
8 8 0
83 83 0
3 3 1
11 11 0
45 45 0
70 70 0
9 9 0
19 19 0
20 20 0
6 6 1
53 53 1
2 2 1
81 81 0
40 40 0
49 49 0
97 97 1
37 37 0
57 57 0
42 42 1
50 50 0
33 33 1
35 35 1
16 16 0
82 82 1
52 52 1
55 55 0
67 67 1
89 89 0
38 38 1
71 71 0
14 14 1
58 58 1
98 98 1
77 77 0
56 56 0
65 65 1
5 5 0
80 80 0
41 41 0
61 61 0
75 75 1
93 93 0
85 85 0
21 21 0
24 24 0
100 100 1
1 1 0
2 2 1
3 3 1
4 4 1
5 5 0
6 6 0
7 7 1
8 8 0
9 9 0
10 10 0
11 11 0
12 12 1
13 13 0
14 14 0
15 15 1
16 16 0
17 17 1
18 18 1
19 19 1
20 20 0
21 21 0
22 22 0
23 23 1
24 24 1
25 25 1
26 26 1
27 27 0
28 28 0
29 29 0
30 30 1
31 31 1
32 32 1
33 33 0
34 34 1
35 35 0
36 36 1
37 37 1
38 38 1
39 39 0
40 40 0
41 41 0
42 42 1
43 43 1
44 44 1
45 45 1
46 46 1
47 47 1
48 48 0
49 49 0
50 50 0
51 51 1
52 52 0
53 53 1
54 54 1
55 55 1
56 56 0
57 57 1
58 58 1
59 59 1
60 60 1
61 61 0
62 62 0
63 63 0
64 64 1
65 65 0
66 66 0
67 67 1
68 68 0
69 69 1
70 70 0
71 71 0
72 72 0
73 73 1
74 74 0
75 75 1
76 76 1
77 77 0
78 78 0
79 79 0
80 80 0
81 81 1
82 82 1
83 83 1
84 84 1
85 85 1
86 86 0
87 87 1
88 88 1
89 89 0
90 90 0
91 91 0
92 92 1
93 93 0
94 94 1
95 95 1
96 96 0
97 97 0
98 98 0
99 99 0
100 100 0
93 40 6637351258608424
55 55 0
27 27 1
52 52 0
45 45 1
85 85 0
91 91 0
7 7 0
30 30 0
76 76 1
44 44 0
39 39 1
72 72 0
73 73 1
50 50 1
22 22 1
57 57 0
11 11 1
29 29 0
32 32 1
8 8 1
70 70 0
38 38 1
3 3 0
81 81 1
10 10 1
36 36 0
75 75 1
63 63 0
61 61 1
9 9 1
4 4 1
66 66 1
53 53 0
23 23 0
26 26 1
78 78 1
5 5 1
77 77 0
49 49 0
84 84 0
94 59 31995403151
18 18 0
53 53 1
80 80 0
10 10 0
50 50 0
63 63 0
66 66 0
40 40 1
1 1 0
35 35 1
20 20 0
57 57 0
79 79 1
58 58 1
37 37 1
16 16 1
26 26 1
49 49 0
71 71 0
92 92 0
36 36 1
68 68 0
60 60 1
82 82 0
83 83 0
91 91 0
90 90 0
67 67 0
89 89 0
46 46 0
42 42 1
3 3 1
52 52 0
2 2 0
62 62 1
21 21 0
64 64 1
41 41 0
69 69 1
5 5 0
7 7 1
59 59 0
56 56 0
9 9 0
45 45 0
12 12 0
33 33 1
85 85 0
17 17 1
48 48 1
72 72 1
88 88 1
61 61 0
43 43 0
93 93 0
81 81 1
34 34 0
28 28 0
31 31 0
93 2 789390045983707281
71 71 0
41 41 1
97 37 869558590932417252
77 77 1
87 87 0
59 59 0
40 40 1
46 46 0
73 73 0
61 61 0
23 23 1
10 10 0
50 50 1
66 66 1
93 93 1
82 82 0
58 58 1
92 92 1
57 57 1
43 43 0
31 31 1
22 22 0
91 91 1
96 96 1
55 55 1
20 20 0
97 97 0
85 85 0
39 39 0
38 38 0
71 71 0
52 52 1
95 95 1
15 15 1
67 67 0
25 25 1
33 33 1
94 94 0
70 70 0
79 79 1
95 86 58
2 2 1
75 75 0
34 34 0
19 19 1
58 58 1
23 23 0
51 51 1
87 87 0
86 86 0
61 61 0
1 1 1
41 41 1
60 60 0
74 74 1
63 63 0
7 7 1
42 42 1
70 70 1
82 82 0
28 28 0
81 81 0
54 54 1
37 37 0
53 53 0
17 17 0
52 52 0
83 83 1
18 18 0
90 90 1
3 3 1
32 32 0
93 93 1
38 38 1
69 69 0
57 57 0
33 33 1
26 26 1
72 72 0
16 16 1
65 65 1
47 47 0
79 79 1
49 49 1
92 92 0
56 56 0
48 48 0
11 11 0
88 88 0
64 64 0
14 14 1
84 84 0
71 71 0
68 68 0
15 15 1
13 13 1
31 31 1
35 35 1
29 29 1
40 40 1
45 45 0
89 89 0
91 91 1
67 67 1
25 25 0
43 43 0
20 20 0
21 21 1
8 8 1
46 46 0
30 30 1
95 95 0
24 24 0
78 78 1
6 6 1
10 10 0
59 59 1
4 4 1
39 39 1
85 85 1
76 76 0
94 94 0
44 44 0
9 9 0
50 50 1
36 36 0
62 62 1
92 66 63133840
74 74 0
66 66 0
3 3 1
41 41 1
51 51 1
19 19 1
29 29 1
63 63 0
83 83 0
22 22 0
34 34 0
69 69 1
77 77 1
72 72 0
59 59 1
90 90 1
62 62 1
79 79 1
38 38 1
88 88 1
40 40 0
44 44 0
39 39 1
87 87 1
85 85 1
35 35 1
57 57 0
32 32 1
60 60 1
14 14 0
27 27 0
86 86 1
4 4 1
9 9 0
71 71 0
56 56 1
92 92 1
37 37 1
48 48 1
58 58 0
70 70 0
28 28 0
67 67 1
8 8 1
75 75 0
89 89 1
10 10 1
12 12 0
25 25 1
49 49 1
21 21 1
91 91 0
61 61 1
82 82 0
15 15 1
52 52 0
42 42 1
13 13 0
17 17 1
16 16 1
73 73 0
1 1 1
30 30 1
76 76 0
54 54 0
53 53 0
99 2 849502049475038384
6 6 0
39 39 0
94 67 58291797
39 39 0
92 92 0
68 68 1
58 58 1
84 84 1
46 46 0
29 29 1
86 86 0
4 4 0
64 64 1
21 21 1
19 19 0
42 42 1
70 70 1
85 85 0
87 87 0
3 3 0
90 90 1
41 41 1
53 53 1
2 2 1
37 37 1
5 5 0
91 91 0
22 22 1
40 40 1
15 15 1
32 32 1
57 57 0
20 20 1
89 89 1
71 71 1
74 74 0
73 73 0
51 51 0
48 48 1
9 9 1
35 35 1
31 31 0
24 24 0
93 93 1
69 69 1
25 25 0
34 34 0
55 55 1
18 18 1
54 54 0
17 17 0
72 72 0
75 75 1
45 45 1
59 59 1
78 78 1
14 14 1
80 80 0
30 30 1
16 16 1
47 47 0
10 10 0
50 50 1
12 12 1
36 36 1
82 82 0
1 1 0
81 81 1
62 62 0
44 44 1
95 55 944854857096
64 64 1
81 81 0
42 42 0
63 63 0
85 85 1
9 9 0
65 65 0
93 93 1
22 22 1
67 67 1
21 21 0
25 25 1
61 61 0
59 59 1
44 44 0
10 10 1
30 30 1
89 89 1
86 86 0
4 4 1
27 27 0
60 60 0
51 51 0
19 19 0
1 1 0
55 55 0
8 8 1
71 71 1
43 43 0
3 3 1
48 48 1
5 5 0
45 45 0
6 6 0
31 31 1
68 68 0
87 87 1
92 92 1
2 2 1
78 78 0
39 39 0
80 80 1
82 82 0
20 20 0
88 88 1
40 40 0
32 32 1
49 49 1
37 37 1
83 83 0
29 29 0
90 90 0
23 23 0
75 75 1
12 12 1
97 40 46716848462965479
88 88 0
6 6 1
2 2 0
31 31 1
39 39 0
50 50 1
58 58 0
17 17 1
5 5 0
24 24 0
59 59 1
11 11 0
55 55 1
9 9 1
67 67 1
80 80 1
64 64 1
21 21 0
52 52 1
81 81 0
32 32 0
78 78 0
82 82 1
68 68 0
3 3 1
74 74 0
95 95 1
22 22 1
18 18 1
60 60 0
85 85 1
34 34 0
45 45 0
38 38 1
1 1 0
83 83 1
56 56 1
51 51 0
36 36 0
72 72 0
91 82 46
65 65 0
76 76 1
34 34 0
21 21 0
74 74 0
17 17 0
91 91 1
88 88 0
37 37 0
79 79 1
56 56 1
83 83 1
86 86 0
35 35 1
25 25 0
2 2 1
82 82 1
49 49 0
72 72 0
59 59 1
53 53 1
4 4 1
68 68 1
47 47 0
48 48 1
66 66 0
46 46 1
19 19 0
41 41 0
52 52 0
89 89 1
12 12 0
8 8 0
60 60 0
73 73 0
85 85 0
24 24 1
64 64 1
50 50 1
32 32 0
5 5 0
87 87 1
38 38 1
23 23 0
62 62 1
44 44 1
63 63 0
75 75 1
29 29 0
69 69 1
80 80 0
15 15 1
18 18 0
33 33 1
42 42 0
11 11 0
78 78 1
57 57 0
61 61 1
6 6 1
54 54 0
31 31 0
77 77 1
7 7 1
40 40 0
20 20 0
81 81 1
1 1 1
55 55 0
9 9 1
45 45 1
39 39 1
71 71 1
14 14 1
13 13 1
27 27 1
51 51 0
22 22 1
3 3 1
26 26 1
43 43 0
58 58 1
91 20 18947458038192633
58 58 1
26 26 0
82 82 0
38 38 1
44 44 1
81 81 0
5 5 1
1 1 1
13 13 1
20 20 1
33 33 1
67 67 1
24 24 1
15 15 1
14 14 0
49 49 0
55 55 1
62 62 0
69 69 1
50 50 1
97 19 535157897581777282
49 49 0
83 83 0
21 21 1
66 66 1
37 37 1
63 63 1
22 22 1
23 23 0
9 9 0
16 16 1
52 52 0
75 75 1
95 95 0
71 71 1
25 25 1
81 81 1
79 79 1
45 45 1
59 59 0
100 88 278
81 81 0
62 62 0
38 38 0
31 31 1
64 64 1
75 75 1
47 47 1
34 34 0
41 41 1
33 33 0
60 60 1
95 95 0
66 66 1
43 43 0
40 40 1
2 2 0
78 78 0
69 69 0
14 14 1
58 58 1
90 90 1
21 21 0
88 88 0
11 11 0
85 85 1
36 36 0
86 86 0
26 26 1
74 74 1
93 93 0
71 71 0
65 65 1
53 53 0
82 82 0
98 98 0
1 1 1
96 96 1
45 45 1
99 99 1
30 30 0
91 91 1
25 25 1
48 48 0
79 79 0
50 50 0
68 68 1
28 28 1
46 46 1
39 39 1
57 57 0
73 73 0
20 20 0
15 15 1
77 77 1
35 35 0
44 44 0
10 10 1
6 6 0
67 67 1
16 16 0
18 18 1
87 87 1
4 4 1
29 29 0
52 52 1
76 76 0
27 27 0
83 83 1
59 59 1
9 9 1
37 37 0
89 89 0
17 17 0
8 8 0
84 84 0
61 61 1
3 3 0
72 72 1
32 32 0
23 23 1
70 70 1
56 56 0
80 80 0
13 13 1
92 92 1
63 63 0
22 22 0
100 100 1
96 65 363216776
63 63 0
33 33 0
1 1 0
46 46 0
15 15 0
20 20 1
61 61 0
50 50 0
21 21 0
95 95 0
22 22 0
43 43 0
52 52 0
96 96 1
38 38 1
85 85 0
59 59 1
62 62 1
87 87 0
47 47 0
58 58 1
35 35 0
5 5 0
36 36 1
24 24 0
30 30 1
57 57 0
29 29 0
53 53 1
11 11 0
75 75 0
67 67 0
40 40 1
45 45 0
66 66 1
83 83 0
39 39 1
65 65 1
90 90 1
23 23 1
71 71 1
8 8 0
44 44 1
34 34 0
32 32 1
55 55 0
37 37 1
80 80 0
69 69 0
86 86 0
89 89 1
74 74 0
94 94 0
77 77 0
48 48 1
56 56 1
64 64 1
49 49 1
3 3 1
72 72 1
92 92 0
12 12 1
4 4 0
18 18 1
31 31 0
100 70 1038283779
14 14 1
75 75 0
92 92 0
98 98 1
24 24 0
9 9 1
20 20 0
74 74 0
12 12 1
11 11 1
76 76 1
85 85 0
3 3 0
32 32 1
51 51 1
95 95 0
49 49 1
78 78 0
29 29 0
58 58 1
38 38 1
93 93 1
13 13 1
68 68 1
71 71 0
65 65 1
28 28 0
61 61 1
41 41 1
55 55 1
15 15 1
8 8 1
63 63 1
19 19 1
73 73 1
4 4 1
97 97 1
35 35 1
81 81 0
23 23 0
90 90 1
5 5 0
33 33 0
36 36 1
59 59 0
31 31 0
40 40 0
72 72 1
86 86 1
16 16 0
45 45 1
2 2 0
91 91 0
22 22 1
67 67 1
18 18 0
30 30 1
43 43 0
53 53 1
100 100 1
27 27 0
6 6 1
88 88 0
54 54 1
17 17 0
25 25 0
26 26 1
39 39 1
52 52 0
87 87 0
96 5 963634811213905233
21 21 1
62 62 0
27 27 0
7 7 1
32 32 0
91 74 123872
63 63 1
22 22 0
80 80 1
62 62 1
5 5 1
53 53 1
36 36 1
39 39 0
79 79 1
8 8 0
21 21 1
19 19 0
40 40 0
13 13 0
17 17 0
57 57 1
46 46 1
74 74 0
2 2 0
24 24 1
81 81 0
76 76 0
33 33 1
1 1 0
47 47 0
48 48 1
61 61 0
77 77 1
59 59 0
4 4 0
54 54 1
67 67 1
71 71 1
64 64 0
51 51 0
32 32 1
30 30 1
91 91 0
87 87 1
89 89 1
37 37 1
55 55 1
9 9 1
60 60 1
56 56 1
88 88 1
18 18 1
15 15 0
86 86 1
44 44 1
50 50 1
65 65 0
6 6 1
26 26 1
70 70 0
34 34 0
58 58 1
10 10 0
73 73 0
45 45 0
25 25 1
7 7 0
84 84 0
66 66 1
52 52 0
72 72 0
69 69 0
3 3 0
12 12 1
28 28 1
83 83 1
85 85 1
27 27 1
49 49 1
95 28 348720606937687056
81 81 0
68 68 1
47 47 0
53 53 0
1 1 0
78 78 1
63 63 0
9 9 1
43 43 0
88 88 1
89 89 1
73 73 1
13 13 0
27 27 0
10 10 1
39 39 1
87 87 1
90 90 0
54 54 1
82 82 0
30 30 0
31 31 1
76 76 0
6 6 1
5 5 1
41 41 1
92 92 0
67 67 1
95 12 140177629479103936
52 52 1
41 41 0
81 81 1
20 20 1
31 31 0
29 29 1
77 77 1
23 23 1
91 91 0
16 16 1
1 1 0
84 84 1
8 7 1
3 3 1
8 8 0
5 5 1
6 6 0
1 1 1
7 7 0
4 4 1
91 7 182573489940647445
56 56 0
51 51 0
12 12 1
86 86 1
42 42 1
64 64 1
9 9 1
97 93 2
1 1 0
34 34 1
44 44 0
3 3 0
62 62 0
27 27 1
30 30 1
88 88 0
68 68 1
13 13 1
2 2 1
77 77 1
32 32 0
17 17 0
12 12 1
96 96 1
59 59 0
58 58 1
26 26 0
82 82 0
76 76 0
46 46 1
18 18 1
94 94 0
10 10 0
87 87 1
73 73 0
64 64 0
36 36 1
7 7 1
22 22 0
8 8 1
97 97 1
80 80 1
79 79 1
11 11 1
28 28 0
15 15 0
5 5 0
51 51 0
21 21 0
20 20 1
19 19 1
49 49 1
47 47 0
65 65 0
75 75 1
56 56 1
52 52 1
53 53 1
50 50 1
40 40 0
60 60 0
69 69 1
48 48 0
72 72 1
42 42 0
91 91 1
81 81 0
90 90 1
57 57 1
70 70 0
25 25 0
92 92 1
24 24 0
16 16 1
6 6 0
23 23 0
31 31 0
61 61 1
37 37 1
95 95 0
45 45 1
84 84 0
86 86 1
39 39 1
43 43 1
66 66 1
41 41 1
33 33 0
78 78 1
89 89 0
38 38 0
63 63 1
85 85 0
29 29 1
67 67 1
35 35 0
93 93 1
9 9 1
74 74 1
14 14 1
54 54 0
96 23 79288094890171334
77 77 1
74 74 0
28 28 1
73 73 0
10 10 1
63 63 1
58 58 1
83 83 1
16 16 1
78 78 1
38 38 0
18 18 1
37 37 0
69 69 0
35 35 0
54 54 0
26 26 1
67 67 1
75 75 1
47 47 0
9 9 0
60 60 0
2 2 0
93 69 12618892
90 90 1
79 79 1
76 76 0
47 47 0
86 86 0
54 54 1
6 6 0
41 41 1
13 13 0
39 39 0
18 18 1
91 91 1
82 82 1
73 73 1
52 52 1
83 83 0
20 20 0
14 14 1
56 56 1
65 65 0
48 48 1
29 29 1
88 88 0
58 58 0
53 53 1
93 93 1
57 57 1
70 70 1
23 23 0
50 50 1
69 69 0
55 55 1
31 31 1
9 9 0
49 49 1
36 36 1
35 35 0
45 45 1
2 2 0
72 72 0
92 92 0
7 7 1
74 74 0
4 4 1
1 1 0
85 85 1
66 66 0
11 11 0
51 51 0
44 44 0
15 15 0
60 60 1
28 28 1
22 22 1
63 63 1
16 16 1
84 84 1
37 37 0
68 68 0
33 33 0
34 34 0
8 8 0
5 5 0
17 17 1
12 12 1
80 80 1
77 77 0
26 26 0
78 78 1
93 71 1571437
64 64 0
60 60 0
53 53 1
17 17 0
78 78 0
56 56 1
93 93 0
38 38 1
16 16 1
25 25 0
26 26 0
82 82 1
57 57 0
1 1 1
13 13 1
50 50 0
62 62 1
77 77 1
74 74 0
14 14 0
23 23 0
3 3 0
7 7 1
10 10 1
88 88 1
40 40 0
11 11 1
49 49 0
47 47 1
63 63 0
85 85 1
39 39 0
92 92 0
79 79 1
15 15 1
18 18 0
84 84 1
29 29 0
21 21 0
9 9 1
48 48 1
61 61 1
73 73 0
55 55 1
69 69 1
83 83 1
6 6 0
43 43 0
19 19 0
52 52 0
66 66 1
54 54 0
46 46 0
80 80 1
33 33 1
45 45 0
37 37 1
89 89 0
86 86 0
4 4 0
44 44 1
87 87 1
5 5 0
59 59 0
30 30 1
34 34 0
90 90 1
22 22 0
51 51 0
76 76 0
27 27 1
99 54 14023082670274
63 63 1
61 61 0
79 79 1
89 89 0
64 64 1
95 95 1
94 94 1
47 47 0
59 59 1
1 1 0
12 12 1
87 87 0
28 28 0
96 96 1
46 46 1
21 21 1
2 2 0
38 38 1
97 97 0
16 16 1
22 22 1
25 25 1
53 53 0
80 80 0
78 78 1
73 73 0
44 44 1
5 5 1
74 74 0
76 76 0
19 19 1
27 27 0
3 3 0
69 69 0
36 36 0
37 37 0
51 51 1
57 57 0
10 10 1
66 66 0
48 48 0
93 93 1
8 8 1
31 31 0
20 20 1
67 67 1
56 56 0
71 71 1
91 91 1
49 49 0
60 60 0
45 45 0
70 70 1
9 9 0
91 70 834539
19 19 1
57 57 1
22 22 0
37 37 1
47 47 1
51 51 1
48 48 0
14 14 1
5 5 1
33 33 0
32 32 1
77 77 1
74 74 0
38 38 1
42 42 1
34 34 0
4 4 0
80 80 0
31 31 1
89 89 0
28 28 0
73 73 0
79 79 1
71 71 1
39 39 0
81 81 0
52 52 1
17 17 1
9 9 1
1 1 0
35 35 0
6 6 0
45 45 0
15 15 1
7 7 1
62 62 0
27 27 1
12 12 1
64 64 0
76 76 1
60 60 0
58 58 0
65 65 0
3 3 1
13 13 1
83 83 0
50 50 0
53 53 1
2 2 1
29 29 1
70 70 0
87 87 0
23 23 0
10 10 0
66 66 0
67 67 0
91 91 0
46 46 1
61 61 1
24 24 0
72 72 1
78 78 1
68 68 0
43 43 1
59 59 0
11 11 1
56 56 0
69 69 1
49 49 1
54 54 1
100 55 5695110513900
8 8 0
51 51 1
43 43 0
2 2 1
87 87 1
24 24 0
42 42 1
22 22 0
29 29 0
19 19 1
97 97 0
41 41 0
11 11 1
47 47 0
99 99 1
82 82 1
34 34 0
46 46 0
59 59 0
77 77 1
17 17 0
36 36 0
94 94 0
81 81 1
5 5 1
55 55 0
68 68 1
58 58 1
72 72 1
75 75 0
14 14 0
48 48 0
18 18 1
69 69 0
78 78 1
91 91 1
32 32 1
28 28 0
15 15 1
20 20 1
86 86 1
74 74 1
27 27 1
61 61 1
84 84 1
70 70 0
54 54 1
50 50 1
44 44 0
90 90 0
100 100 1
85 85 1
60 60 1
76 76 1
73 73 1
8 4 12
7 7 0
4 4 0
5 5 0
1 1 1
91 47 13374751464939
71 71 0
33 33 0
67 67 1
90 90 0
31 31 0
76 76 1
45 45 0
37 37 1
63 63 0
87 87 0
61 61 0
9 9 1
52 52 0
86 86 0
28 28 0
69 69 1
32 32 1
21 21 0
62 62 0
42 42 0
5 5 0
89 89 1
34 34 0
88 88 1
66 66 1
41 41 1
35 35 1
40 40 0
57 57 1
60 60 1
19 19 1
14 14 1
79 79 1
18 18 0
15 15 1
30 30 0
47 47 1
20 20 0
8 8 1
82 82 0
6 6 1
83 83 1
43 43 1
39 39 0
73 73 0
27 27 0
13 13 1
96 2 634782533053951603
23 23 1
78 78 1
99 21 24537362270465850
38 38 0
6 6 0
40 40 0
68 68 0
19 19 0
77 77 1
42 42 1
66 66 1
65 65 1
93 93 1
51 51 0
89 89 0
14 14 0
64 64 1
47 47 1
41 41 1
53 53 1
9 9 0
62 62 0
25 25 0
28 28 1
100 93 44
82 82 0
80 80 1
83 83 1
9 9 1
40 40 0
32 32 0
37 37 1
43 43 1
87 87 0
5 5 1
19 19 1
30 30 1
25 25 1
64 64 1
35 35 0
7 7 0
38 38 1
61 61 0
62 62 1
3 3 1
2 2 1
66 66 0
63 63 0
45 45 0
58 58 1
34 34 0
74 74 0
36 36 0
67 67 0
51 51 0
41 41 0
69 69 0
16 16 1
93 93 0
75 75 0
72 72 1
47 47 1
4 4 1
21 21 0
14 14 0
89 89 1
29 29 1
88 88 0
78 78 0
77 77 1
65 65 0
48 48 0
71 71 1
33 33 0
24 24 1
18 18 1
59 59 1
99 99 1
60 60 0
92 92 1
90 90 1
70 70 1
95 95 0
81 81 1
1 1 0
98 98 1
17 17 1
39 39 0
84 84 1
46 46 1
23 23 0
22 22 1
26 26 0
15 15 1
91 91 0
96 96 0
86 86 0
6 6 0
31 31 1
10 10 0
57 57 1
73 73 0
55 55 0
8 8 0
27 27 1
28 28 1
54 54 0
44 44 0
68 68 0
97 97 0
11 11 1
20 20 0
52 52 1
94 94 0
42 42 0
12 12 1
13 13 0
56 56 0
95 23 799790815232573551
3 3 0
72 72 0
89 89 0
93 93 0
77 77 1
42 42 0
30 30 0
5 5 1
12 12 0
79 79 0
92 92 1
34 34 1
83 83 1
8 8 0
65 65 0
66 66 0
54 54 0
26 26 0
25 25 0
29 29 1
1 1 1
58 58 0
36 36 0
92 39 7839935244318100
47 47 1
68 68 1
57 57 0
21 21 0
55 55 0
43 43 1
41 41 0
40 40 1
30 30 0
84 84 1
61 61 0
8 8 1
64 64 0
34 34 1
23 23 0
54 54 1
2 2 1
72 72 0
1 1 1
85 85 0
32 32 1
39 39 0
26 26 0
11 11 1
4 4 1
56 56 0
79 79 0
59 59 0
25 25 0
78 78 1
80 80 0
60 60 1
77 77 0
53 53 1
89 89 0
6 6 0
83 83 1
29 29 1
76 76 1
95 13 654714940762272476
19 19 1
61 61 0
62 62 0
69 69 1
36 36 1
93 93 0
84 84 1
85 85 1
53 53 1
79 79 1
49 49 0
71 71 1
5 5 1
97 24 472817875696749281
93 93 1
97 97 1
13 13 0
27 27 0
25 25 1
63 63 1
7 7 1
52 52 1
65 65 1
87 87 1
71 71 0
66 66 1
57 57 1
70 70 1
73 73 1
67 67 0
11 11 0
74 74 1
84 84 0
94 94 0
42 42 0
58 58 1
90 90 1
85 85 0
99 34 115854120734224035
96 96 1
20 20 0
85 85 1
61 61 0
44 44 0
95 95 0
83 83 1
35 35 0
59 59 0
81 81 1
32 32 1
84 84 1
45 45 1
97 97 0
94 94 1
49 49 1
23 23 1
19 19 0
46 46 0
41 41 1
15 15 0
33 33 1
43 43 1
55 55 1
67 67 0
31 31 0
76 76 1
14 14 1
3 3 1
6 6 1
63 63 1
74 74 1
11 11 1
82 82 0
96 72 8868970
85 85 1
93 93 1
2 2 0
65 65 0
15 15 1
73 73 1
1 1 1
82 82 1
58 58 1
9 9 0
44 44 1
19 19 0
35 35 0
37 37 0
64 64 1
13 13 0
78 78 1
16 16 0
89 89 1
3 3 1
55 55 1
59 59 0
62 62 1
36 36 1
27 27 1
92 92 1
10 10 0
8 8 1
53 53 1
63 63 1
75 75 0
56 56 1
54 54 1
45 45 1
39 39 0
86 86 0
94 94 1
70 70 0
84 84 0
90 90 1
29 29 0
87 87 0
38 38 0
49 49 0
28 28 1
72 72 1
12 12 1
4 4 1
5 5 0
17 17 0
95 95 0
22 22 1
79 79 1
48 48 0
21 21 1
96 96 0
81 81 0
80 80 0
14 14 0
26 26 1
25 25 0
30 30 1
88 88 1
52 52 1
83 83 1
68 68 1
46 46 1
24 24 0
31 31 1
40 40 1
33 33 0
34 34 0
97 25 330827596477053714
67 67 0
14 14 1
33 33 0
42 42 0
69 69 1
94 94 1
31 31 0
32 32 0
7 7 1
22 22 0
11 11 1
57 57 1
76 76 1
54 54 1
23 23 1
1 1 0
2 2 0
35 35 1
91 91 0
13 13 1
9 9 1
38 38 0
92 92 0
43 43 1
46 46 0
94 77 100657
25 25 0
63 63 1
65 65 1
32 32 1
20 20 1
71 71 1
80 80 1
26 26 1
87 87 1
61 61 0
13 13 0
49 49 0
15 15 0
91 91 0
47 47 1
38 38 0
35 35 1
70 70 0
79 79 0
19 19 1
36 36 1
52 52 0
1 1 0
33 33 0
8 8 0
83 83 0
12 12 1
5 5 0
69 69 0
89 89 0
56 56 0
46 46 0
81 81 0
29 29 0
53 53 0
30 30 0
78 78 0
72 72 1
17 17 0
68 68 1
6 6 0
82 82 0
10 10 0
18 18 1
27 27 0
48 48 1
21 21 0
76 76 1
4 4 0
60 60 0
45 45 0
94 94 0
93 93 1
92 92 1
37 37 0
3 3 1
57 57 1
43 43 1
55 55 0
58 58 1
75 75 1
42 42 1
2 2 0
40 40 0
23 23 0
28 28 1
41 41 1
31 31 0
64 64 1
77 77 0
9 9 1
51 51 1
86 86 0
88 88 1
59 59 1
16 16 0
85 85 0
94 57 46785494234
73 73 0
58 58 0
11 11 1
51 51 1
71 71 1
70 70 0
72 72 0
6 6 1
17 17 1
1 1 0
67 67 1
75 75 0
45 45 1
29 29 0
19 19 0
86 86 0
50 50 1
65 65 0
15 15 0
53 53 1
89 89 0
42 42 1
37 37 1
36 36 0
33 33 1
9 9 1
61 61 1
7 7 0
44 44 1
69 69 0
62 62 1
87 87 0
64 64 0
90 90 0
28 28 0
5 5 0
79 79 1
93 93 1
12 12 1
88 88 1
76 76 0
57 57 0
55 55 0
66 66 1
3 3 0
21 21 1
81 81 0
94 94 0
40 40 0
13 13 0
18 18 1
82 82 0
56 56 1
20 20 0
83 83 0
10 10 1
74 74 0
97 13 628940938152629097
20 20 1
15 15 1
67 67 0
3 3 0
75 75 0
10 10 0
8 8 1
73 73 1
87 87 0
2 2 1
60 60 0
93 93 1
68 68 1
99 42 87014531625986233
98 98 1
45 45 0
68 68 0
29 29 1
44 44 1
74 74 0
17 17 1
16 16 0
27 27 0
28 28 0
83 83 0
73 73 1
81 81 0
94 94 0
23 23 0
6 6 1
14 14 0
78 78 0
9 9 1
39 39 1
30 30 0
50 50 0
92 92 1
15 15 0
43 43 0
66 66 0
32 32 1
46 46 1
87 87 1
59 59 0
62 62 0
79 79 0
61 61 1
57 57 0
58 58 1
7 7 0
60 60 0
51 51 1
52 52 0
55 55 1
65 65 1
13 13 1
94 89 26
90 90 1
5 5 1
64 64 1
67 67 0
19 19 1
40 40 1
30 30 1
51 51 0
3 3 1
72 72 0
37 37 0
91 91 0
74 74 1
18 18 0
34 34 0
46 46 1
39 39 0
31 31 0
7 7 1
60 60 0
69 69 0
63 63 1
75 75 0
50 50 0
89 89 1
17 17 0
24 24 1
27 27 0
56 56 1
93 93 1
32 32 1
83 83 0
81 81 0
35 35 1
38 38 0
80 80 1
59 59 1
87 87 1
42 42 0
43 43 0
10 10 1
65 65 0
1 1 0
11 11 1
8 8 0
15 15 1
25 25 0
76 76 0
58 58 0
73 73 0
13 13 1
33 33 1
77 77 0
36 36 1
71 71 0
84 84 1
26 26 1
4 4 1
78 78 0
22 22 1
12 12 0
44 44 0
21 21 1
54 54 0
29 29 0
88 88 1
92 92 1
62 62 1
9 9 0
82 82 1
14 14 0
6 6 1
61 61 1
41 41 0
70 70 0
94 94 0
57 57 1
55 55 0
23 23 0
49 49 0
20 20 0
45 45 0
53 53 0
28 28 1
48 48 1
47 47 0
79 79 0
85 85 0
66 66 1
93 78 7943
24 24 1
28 28 1
85 85 0
20 20 0
79 79 1
23 23 0
27 27 0
18 18 0
2 2 1
6 6 0
70 70 1
45 45 0
87 87 1
31 31 0
43 43 1
15 15 0
46 46 0
62 62 0
54 54 1
42 42 0
80 80 0
3 3 1
81 81 0
63 63 0
65 65 1
69 69 0
22 22 1
10 10 1
26 26 1
1 1 1
17 17 1
88 88 1
64 64 0
36 36 1
7 7 1
30 30 0
71 71 1
25 25 0
16 16 0
56 56 0
13 13 1
82 82 1
53 53 0
86 86 1
89 89 1
50 50 0
76 76 0
60 60 1
93 93 0
32 32 0
19 19 1
92 92 0
33 33 0
73 73 1
77 77 1
48 48 0
5 5 0
91 91 0
78 78 1
41 41 0
68 68 1
11 11 1
34 34 1
39 39 0
84 84 1
12 12 1
52 52 0
72 72 0
35 35 1
49 49 0
55 55 1
4 4 1
47 47 0
67 67 0
66 66 0
40 40 1
21 21 0
90 90 1
97 5 201656256527664798
82 82 1
53 53 0
93 93 1
28 28 0
58 58 1
96 43 1162658026554224
83 83 0
55 55 1
31 31 1
44 44 1
92 92 1
32 32 1
95 95 1
14 14 0
90 90 1
33 33 0
37 37 0
41 41 0
9 9 1
49 49 0
8 8 0
36 36 1
70 70 1
63 63 0
3 3 0
47 47 1
6 6 1
20 20 0
46 46 0
81 81 0
27 27 1
78 78 0
88 88 1
34 34 1
84 84 0
62 62 1
60 60 0
54 54 0
80 80 1
10 10 0
74 74 1
4 4 0
57 57 1
51 51 1
23 23 0
38 38 1
30 30 1
19 19 1
16 16 1
92 53 394336901706
63 63 1
29 29 1
25 25 1
28 28 0
64 64 1
56 56 1
16 16 1
35 35 0
79 79 0
61 61 1
8 8 0
69 69 0
49 49 0
45 45 0
36 36 1
48 48 0
14 14 0
59 59 0
92 92 1
50 50 0
74 74 1
40 40 0
75 75 0
7 7 0
6 6 1
4 4 0
3 3 0
27 27 0
20 20 0
66 66 1
1 1 1
30 30 0
39 39 1
38 38 1
67 67 0
81 81 1
80 80 0
2 2 1
58 58 1
41 41 1
12 12 0
42 42 0
55 55 1
85 85 1
53 53 0
60 60 1
54 54 1
37 37 0
22 22 0
72 72 1
31 31 1
23 23 0
87 87 1
93 1 577043116542821965
88 88 0
99 86 3026
59 59 1
18 18 0
74 74 0
20 20 1
16 16 0
68 68 0
8 8 1
41 41 0
11 11 0
19 19 0
96 96 1
61 61 0
73 73 1
65 65 0
95 95 0
12 12 1
25 25 0
22 22 0
98 98 0
5 5 1
81 81 0
92 92 1
72 72 0
4 4 0
7 7 0
47 47 0
88 88 0
3 3 0
80 80 0
6 6 0
31 31 0
69 69 1
64 64 0
1 1 0
97 97 0
63 63 0
83 83 1
28 28 1
45 45 0
53 53 0
70 70 0
40 40 1
67 67 1
89 89 1
78 78 1
14 14 1
33 33 0
9 9 1
90 90 1
15 15 0
43 43 0
75 75 0
44 44 0
62 62 1
84 84 0
17 17 1
58 58 0
29 29 0
71 71 0
34 34 1
51 51 1
66 66 1
82 82 0
2 2 0
99 99 0
55 55 1
87 87 0
39 39 1
94 94 1
91 91 0
48 48 0
46 46 0
56 56 1
57 57 0
85 85 0
32 32 1
23 23 0
54 54 1
24 24 0
13 13 0
50 50 1
93 93 0
60 60 0
52 52 0
35 35 0
86 86 1
94 63 354454887
78 78 0
26 26 1
90 90 1
32 32 1
6 6 1
61 61 0
68 68 1
21 21 1
60 60 1
51 51 1
89 89 1
64 64 1
41 41 0
79 79 0
93 93 0
3 3 0
36 36 1
22 22 1
42 42 1
39 39 0
49 49 1
55 55 1
34 34 1
45 45 0
5 5 0
57 57 0
50 50 1
82 82 1
20 20 0
76 76 1
10 10 0
84 84 1
25 25 0
63 63 1
13 13 0
62 62 0
94 94 0
54 54 0
37 37 0
38 38 1
52 52 1
15 15 0
28 28 0
29 29 1
17 17 0
80 80 1
46 46 0
43 43 1
56 56 1
16 16 1
44 44 1
66 66 1
18 18 0
59 59 1
87 87 1
83 83 0
58 58 0
74 74 1
27 27 0
40 40 1
65 65 1
1 1 0
9 9 0
93 25 61756964555426695
38 38 1
25 25 0
54 54 1
86 86 0
58 58 0
33 33 0
17 17 0
81 81 1
65 65 0
15 15 0
42 42 0
4 4 0
71 71 0
89 89 1
1 1 1
52 52 1
45 45 0
11 11 0
9 9 0
14 14 1
49 49 0
74 74 0
29 29 1
63 63 1
78 78 1
93 78 31984
18 18 1
66 66 0
83 83 1
74 74 1
8 8 0
41 41 0
73 73 0
21 21 1
10 10 0
14 14 1
67 67 0
4 4 0
27 27 0
30 30 1
71 71 0
88 88 1
26 26 1
33 33 1
58 58 0
22 22 0
89 89 0
61 61 0
20 20 1
63 63 0
31 31 0
72 72 0
56 56 1
76 76 1
44 44 0
28 28 1
92 92 1
2 2 0
54 54 0
40 40 0
23 23 0
9 9 0
49 49 0
91 91 0
19 19 1
60 60 0
42 42 0
77 77 1
24 24 1
47 47 0
34 34 1
62 62 1
68 68 1
50 50 1
25 25 0
85 85 0
64 64 1
3 3 0
87 87 0
57 57 1
43 43 1
84 84 1
55 55 1
80 80 1
79 79 1
70 70 0
15 15 1
5 5 0
17 17 0
81 81 1
93 93 0
13 13 0
12 12 1
51 51 1
37 37 1
11 11 0
82 82 0
90 90 1
16 16 1
35 35 0
59 59 0
52 52 0
46 46 0
86 86 0
9 9 1
4 4 1
7 7 0
3 3 0
1 1 0
5 5 0
6 6 1
9 9 1
8 8 1
2 2 1
96 44 851997353522351
27 27 1
23 23 1
30 30 1
76 76 0
38 38 1
69 69 1
53 53 0
52 52 0
25 25 0
54 54 1
73 73 0
15 15 1
40 40 0
19 19 0
2 2 1
91 91 1
55 55 0
12 12 0
50 50 0
8 8 1
51 51 1
16 16 0
48 48 1
59 59 0
32 32 0
9 9 0
47 47 0
88 88 1
58 58 0
75 75 1
62 62 1
65 65 0
10 10 1
80 80 1
26 26 0
71 71 1
42 42 1
61 61 0
4 4 0
20 20 1
34 34 1
89 89 1
31 31 0
94 94 0
8 5 1
3 3 0
4 4 0
2 2 1
1 1 0
8 8 0
91 77 4009
42 42 0
82 82 0
50 50 0
54 54 1
58 58 1
3 3 1
26 26 0
81 81 1
52 52 0
30 30 1
5 5 0
90 90 1
6 6 0
72 72 1
34 34 1
14 14 0
68 68 0
78 78 1
61 61 1
60 60 0
59 59 1
89 89 0
10 10 0
62 62 1
27 27 0
25 25 1
70 70 1
43 43 0
20 20 0
86 86 1
83 83 0
49 49 1
29 29 0
75 75 1
80 80 1
84 84 1
31 31 0
48 48 0
66 66 0
37 37 0
1 1 0
88 88 0
56 56 0
16 16 1
63 63 1
51 51 0
12 12 0
19 19 0
7 7 0
65 65 1
57 57 0
74 74 0
64 64 1
22 22 1
91 91 0
46 46 1
23 23 1
47 47 1
44 44 0
15 15 1
32 32 0
41 41 1
39 39 1
87 87 0
13 13 1
17 17 0
4 4 0
76 76 1
8 8 1
33 33 0
35 35 1
55 55 0
73 73 1
85 85 1
21 21 0
77 77 0
28 28 0
95 87 22
61 61 1
25 25 1
73 73 0
53 53 0
10 10 1
14 14 0
69 69 1
29 29 1
19 19 1
48 48 1
4 4 0
64 64 0
17 17 1
92 92 0
74 74 0
84 84 1
79 79 0
51 51 1
81 81 1
6 6 0
36 36 1
50 50 0
45 45 0
35 35 0
39 39 0
1 1 0
37 37 0
24 24 1
27 27 1
38 38 0
47 47 0
86 86 1
32 32 0
20 20 1
44 44 0
71 71 0
49 49 1
59 59 0
56 56 0
57 57 0
23 23 1
55 55 0
52 52 1
93 93 1
88 88 1
83 83 0
18 18 1
16 16 0
28 28 0
82 82 0
31 31 0
67 67 0
62 62 0
80 80 1
13 13 0
30 30 1
66 66 0
43 43 1
7 7 1
15 15 1
8 8 1
42 42 1
41 41 1
40 40 0
46 46 1
34 34 0
89 89 1
22 22 1
58 58 0
70 70 0
91 91 0
72 72 1
87 87 0
63 63 1
85 85 0
95 95 0
60 60 0
12 12 1
9 9 1
21 21 0
76 76 0
54 54 1
2 2 1
68 68 0
26 26 1
5 5 0
11 11 1
96 56 102823168276
48 48 1
47 47 1
71 71 0
6 6 1
20 20 0
64 64 1
56 56 0
70 70 0
10 10 1
23 23 1
65 65 1
54 54 0
44 44 0
39 39 1
53 53 1
8 8 1
58 58 0
33 33 0
27 27 0
1 1 0
94 94 0
84 84 1
93 93 0
28 28 0
32 32 0
7 7 0
22 22 0
67 67 1
52 52 1
78 78 1
66 66 1
74 74 1
43 43 1
95 95 1
3 3 1
57 57 1
21 21 0
96 96 1
76 76 1
25 25 0
51 51 1
87 87 0
30 30 0
31 31 1
89 89 0
38 38 1
14 14 0
61 61 1
49 49 0
72 72 1
24 24 1
37 37 1
60 60 1
19 19 0
79 79 0
9 9 0
94 84 714
75 75 0
1 1 0
38 38 0
41 41 0
18 18 0
45 45 1
10 10 0
59 59 0
54 54 1
58 58 0
84 84 0
24 24 0
8 8 0
15 15 1
71 71 1
72 72 0
4 4 1
67 67 0
17 17 1
56 56 0
9 9 0
82 82 1
52 52 0
90 90 1
44 44 1
83 83 0
13 13 0
20 20 1
21 21 1
87 87 1
3 3 1
88 88 0
37 37 0
12 12 1
85 85 1
62 62 1
28 28 0
53 53 1
48 48 1
33 33 0
63 63 0
2 2 1
39 39 0
73 73 1
61 61 1
43 43 1
70 70 1
60 60 0
94 94 0
81 81 1
80 80 1
7 7 1
79 79 1
32 32 1
14 14 1
49 49 1
77 77 0
42 42 0
51 51 0
50 50 0
34 34 1
22 22 1
86 86 0
93 93 1
16 16 1
91 91 0
46 46 0
25 25 1
5 5 1
26 26 0
23 23 0
66 66 0
27 27 1
19 19 1
89 89 1
64 64 1
76 76 1
6 6 1
35 35 1
30 30 1
74 74 0
92 92 0
47 47 1
31 31 0
8 6 4
6 6 0
3 3 0
4 4 0
8 8 0
5 5 0
7 7 1
7 1 44
4 4 1
100 33 692036663164626894
25 25 1
21 21 1
40 40 0
16 16 0
81 81 1
73 73 0
52 52 1
42 42 1
79 79 1
5 5 1
78 78 1
62 62 0
29 29 1
13 13 0
50 50 0
14 14 0
6 6 1
27 27 1
84 84 0
97 97 0
91 91 0
60 60 0
24 24 1
7 7 1
65 65 0
38 38 1
58 58 0
18 18 0
39 39 1
32 32 0
87 87 1
31 31 1
94 94 0
94 35 51901244983664669
39 39 1
1 1 1
16 16 1
21 21 0
9 9 0
32 32 0
61 61 1
82 82 1
93 93 1
71 71 1
38 38 0
67 67 1
66 66 0
64 64 0
41 41 0
78 78 0
28 28 0
62 62 0
19 19 0
57 57 0
86 86 0
76 76 1
55 55 0
94 94 1
14 14 0
37 37 0
77 77 0
87 87 0
60 60 1
68 68 0
49 49 0
53 53 0
20 20 0
2 2 0
65 65 0
7 3 16
3 3 0
4 4 0
1 1 0
94 47 40374590754431
77 77 0
22 22 0
37 37 0
81 81 1
41 41 1
72 72 0
2 2 1
44 44 1
59 59 1
31 31 1
12 12 0
8 8 1
71 71 1
6 6 0
27 27 1
3 3 0
67 67 0
17 17 0
53 53 0
19 19 1
13 13 0
14 14 1
54 54 0
63 63 0
68 68 0
70 70 1
73 73 1
45 45 1
61 61 1
11 11 1
93 93 1
5 5 1
36 36 1
7 7 1
34 34 0
57 57 0
50 50 1
25 25 1
82 82 1
10 10 0
40 40 1
85 85 0
86 86 0
58 58 0
56 56 1
60 60 0
18 18 0
94 10 185475181427149680
82 82 0
73 73 0
17 17 0
76 76 0
87 87 1
56 56 0
58 58 1
42 42 0
83 83 0
12 12 1
98 75 34612
51 51 0
13 13 1
23 23 0
72 72 0
62 62 1
43 43 0
32 32 0
45 45 1
24 24 1
49 49 1
66 66 1
1 1 1
26 26 1
36 36 1
6 6 1
93 93 1
97 97 0
40 40 0
69 69 0
37 37 1
95 95 1
68 68 0
28 28 0
5 5 0
16 16 0
78 78 0
12 12 0
65 65 1
52 52 0
3 3 1
41 41 1
34 34 0
42 42 1
94 94 1
90 90 0
15 15 1
19 19 0
33 33 0
67 67 1
73 73 0
9 9 0
84 84 0
22 22 1
79 79 0
91 91 0
27 27 1
47 47 0
18 18 0
71 71 0
35 35 0
4 4 1
59 59 1
86 86 0
80 80 0
30 30 1
87 87 0
10 10 0
39 39 1
60 60 0
50 50 1
92 92 1
25 25 0
38 38 0
11 11 1
21 21 1
14 14 0
61 61 1
48 48 0
7 7 0
44 44 1
17 17 1
89 89 1
85 85 0
88 88 1
56 56 0
93 48 19707810374977
23 23 1
20 20 0
56 56 1
83 83 0
18 18 1
80 80 1
14 14 1
71 71 0
46 46 1
36 36 0
48 48 1
89 89 0
15 15 1
39 39 1
93 93 1
77 77 1
35 35 0
19 19 1
2 2 0
11 11 1
86 86 1
7 7 1
12 12 0
45 45 0
17 17 0
25 25 1
78 78 1
65 65 0
1 1 1
21 21 0
13 13 1
9 9 0
61 61 1
34 34 1
3 3 1
30 30 0
51 51 0
50 50 1
67 67 1
42 42 0
59 59 1
6 6 1
69 69 0
49 49 0
76 76 0
52 52 1
27 27 1
82 82 1
92 33 35342078485625865
14 14 0
52 52 0
36 36 1
61 61 1
41 41 0
51 51 0
25 25 1
66 66 0
26 26 0
82 82 0
54 54 1
42 42 1
40 40 0
92 92 0
7 7 1
4 4 1
70 70 0
10 10 1
59 59 1
65 65 1
75 75 0
87 87 1
60 60 0
62 62 1
64 64 1
18 18 1
72 72 1
67 67 1
50 50 1
49 49 0
63 63 0
33 33 0
6 6 1
97 61 2188084525
7 7 1
54 54 1
40 40 1
92 92 0
11 11 1
93 93 1
70 70 1
12 12 0
32 32 1
75 75 0
9 9 0
74 74 0
90 90 0
22 22 1
39 39 1
80 80 0
72 72 1
48 48 0
81 81 0
51 51 1
82 82 0
55 55 1
96 96 1
18 18 0
3 3 0
4 4 0
68 68 1
20 20 0
25 25 1
17 17 0
41 41 0
23 23 1
78 78 0
26 26 0
56 56 0
36 36 0
38 38 1
31 31 1
47 47 1
67 67 0
66 66 1
27 27 0
30 30 0
35 35 1
14 14 1
49 49 0
45 45 0
69 69 0
57 57 0
37 37 0
16 16 0
86 86 1
5 5 0
29 29 0
28 28 0
88 88 1
42 42 1
10 10 1
19 19 0
59 59 0
13 13 1
