100
92 54 3491400954
67 67 0
74 74 0
90 90 0
88 88 1
37 37 1
35 35 0
6 6 1
80 80 0
73 73 1
36 36 0
21 21 1
71 71 0
23 23 0
75 75 1
46 46 0
89 89 0
1 1 1
87 87 0
62 62 1
91 91 1
49 49 1
18 18 0
40 40 1
9 9 1
68 68 1
39 39 0
51 51 1
7 7 1
16 16 1
59 59 1
33 33 0
5 5 0
54 54 1
20 20 0
76 76 1
84 84 1
43 43 1
85 85 0
31 31 1
55 55 0
14 14 1
26 26 0
69 69 1
13 13 1
48 48 1
25 25 0
30 30 0
60 60 0
77 77 1
11 11 1
57 57 0
38 38 1
19 19 1
56 56 1
94 62 1386567672
77 77 1
33 33 1
64 64 0
3 3 1
46 46 1
29 29 1
86 86 1
57 57 0
73 73 0
54 54 1
15 15 1
45 45 1
7 7 0
84 84 0
6 6 0
53 53 1
71 71 1
24 24 0
66 66 1
22 22 0
39 39 0
69 69 1
78 78 1
90 90 0
26 26 1
88 88 1
11 11 0
60 60 1
85 85 0
5 5 0
32 32 0
28 28 0
35 35 1
58 58 0
23 23 0
91 91 0
76 76 1
2 2 1
80 80 0
13 13 1
16 16 1
68 68 1
9 9 0
81 81 1
74 74 1
21 21 1
59 59 0
49 49 1
70 70 1
94 94 0
12 12 0
44 44 1
20 20 0
17 17 1
50 50 0
25 25 1
72 72 0
8 8 0
92 92 0
61 61 1
43 43 1
19 19 1
94 57 92783894808
20 20 0
60 60 0
36 36 1
11 11 1
88 88 1
40 40 0
69 69 1
4 4 0
64 64 0
34 34 1
17 17 1
48 48 0
27 27 1
58 58 1
57 57 1
85 85 0
56 56 1
83 83 1
10 10 1
1 1 1
6 6 1
29 29 0
8 8 0
55 55 1
93 93 0
71 71 1
12 12 1
92 92 0
13 13 0
32 32 1
72 72 1
47 47 0
66 66 1
14 14 0
26 26 0
21 21 0
22 22 0
84 84 0
90 90 1
73 73 1
35 35 0
5 5 1
41 41 1
87 87 0
7 7 0
61 61 0
70 70 1
24 24 1
2 2 1
46 46 1
45 45 0
3 3 1
39 39 1
76 76 0
51 51 1
59 59 0
44 44 0
97 4 99779453365083731
50 50 1
41 41 0
81 81 1
33 33 0
98 73 25431541
81 81 0
43 43 0
25 25 0
8 8 1
97 97 0
19 19 0
22 22 0
33 33 1
44 44 1
14 14 1
73 73 0
95 95 0
42 42 0
60 60 1
13 13 0
82 82 0
15 15 1
86 86 0
46 46 1
57 57 0
90 90 1
85 85 0
5 5 0
55 55 1
67 67 1
41 41 1
32 32 0
30 30 0
1 1 0
7 7 0
54 54 0
88 88 1
52 52 0
70 70 1
61 61 0
62 62 0
84 84 0
83 83 1
65 65 1
94 94 1
9 9 1
26 26 0
91 91 1
29 29 1
3 3 1
12 12 1
71 71 0
49 49 1
87 87 0
24 24 1
50 50 1
39 39 0
51 51 1
63 63 1
59 59 1
93 93 1
58 58 0
2 2 0
16 16 1
40 40 0
76 76 0
21 21 0
48 48 1
36 36 0
4 4 0
80 80 1
68 68 1
47 47 1
28 28 0
23 23 0
74 74 0
98 98 0
53 53 1
96 82 14341
79 79 0
73 73 0
12 12 1
35 35 1
69 69 1
5 5 0
71 71 1
50 50 1
82 82 1
92 92 0
58 58 1
63 63 0
90 90 1
36 36 0
77 77 0
96 96 1
87 87 1
21 21 0
57 57 1
88 88 1
74 74 1
8 8 1
94 94 1
64 64 1
59 59 1
3 3 0
43 43 0
56 56 1
6 6 0
76 76 1
65 65 0
84 84 0
60 60 1
4 4 1
40 40 0
19 19 0
54 54 1
7 7 0
45 45 1
14 14 1
55 55 1
44 44 1
89 89 0
81 81 0
1 1 1
20 20 0
37 37 1
22 22 1
28 28 0
32 32 0
39 39 1
62 62 0
11 11 0
72 72 0
29 29 1
61 61 0
78 78 1
38 38 0
34 34 1
91 91 0
46 46 1
13 13 1
2 2 1
42 42 0
47 47 1
33 33 1
25 25 0
23 23 1
51 51 1
83 83 1
86 86 1
68 68 0
80 80 0
75 75 1
41 41 1
49 49 1
18 18 1
30 30 1
66 66 0
93 93 0
70 70 1
26 26 1
10 8 2
6 6 0
5 5 1
7 7 1
2 2 0
10 10 0
9 9 0
1 1 1
3 3 1
100 10 378452211004428995
97 97 1
52 52 1
63 63 1
26 26 1
42 42 1
27 27 0
18 18 0
4 4 0
90 90 1
86 86 0
93 60 2192791306
49 49 1
11 11 1
26 26 0
79 79 0
76 76 0
59 59 0
63 63 0
12 12 0
52 52 0
45 45 1
72 72 0
8 8 1
40 40 1
19 19 0
64 64 1
36 36 0
80 80 0
47 47 1
25 25 1
9 9 1
31 31 0
57 57 1
37 37 1
1 1 0
21 21 0
93 93 0
78 78 0
30 30 1
13 13 0
6 6 0
20 20 1
15 15 1
82 82 1
28 28 1
22 22 1
46 46 1
91 91 1
38 38 1
81 81 1
87 87 1
24 24 1
5 5 0
50 50 0
73 73 0
14 14 1
55 55 1
67 67 1
41 41 0
62 62 1
10 10 0
48 48 1
32 32 0
17 17 1
54 54 0
70 70 0
56 56 1
16 16 1
83 83 0
44 44 0
58 58 0
91 7 848269340997617112
29 29 0
34 34 0
61 61 1
80 80 0
79 79 0
52 52 1
15 15 0
98 89 505
79 79 0
26 26 1
9 9 1
70 70 1
46 46 0
59 59 0
85 85 0
20 20 1
81 81 1
82 82 1
33 33 0
45 45 0
48 48 0
39 39 1
12 12 0
3 3 0
71 71 1
38 38 1
5 5 1
62 62 1
36 36 1
47 47 0
23 23 1
40 40 1
80 80 1
42 42 0
8 8 0
30 30 1
68 68 0
25 25 1
87 87 0
6 6 0
84 84 0
32 32 0
11 11 1
95 95 1
34 34 0
89 89 1
75 75 0
13 13 0
74 74 1
93 93 0
83 83 1
43 43 0
10 10 0
17 17 0
50 50 1
60 60 0
72 72 1
4 4 1
28 28 0
92 92 1
51 51 0
77 77 0
18 18 0
76 76 1
86 86 1
78 78 1
41 41 1
35 35 0
58 58 1
53 53 1
67 67 1
57 57 0
49 49 0
69 69 0
52 52 1
37 37 0
44 44 0
61 61 1
29 29 1
96 96 0
97 97 1
2 2 0
65 65 0
7 7 1
22 22 1
55 55 0
16 16 1
24 24 0
1 1 1
73 73 1
64 64 1
91 91 0
14 14 0
63 63 0
31 31 0
21 21 0
88 88 0
93 39 171172201878581
42 42 0
14 14 0
66 66 0
6 6 0
8 8 1
23 23 1
59 59 0
13 13 1
69 69 1
27 27 0
54 54 1
77 77 1
72 72 1
2 2 1
61 61 0
70 70 1
32 32 1
81 81 1
28 28 1
73 73 0
92 92 0
40 40 1
58 58 1
68 68 1
48 48 0
84 84 1
39 39 0
53 53 1
47 47 0
15 15 0
31 31 0
52 52 0
9 9 0
35 35 0
5 5 0
17 17 0
3 3 1
7 7 0
24 24 1
100 99 1
25 25 1
31 31 1
15 15 1
23 23 0
8 8 1
56 56 0
62 62 1
72 72 0
41 41 0
99 99 1
64 64 1
1 1 1
22 22 1
93 93 0
13 13 0
7 7 1
86 86 0
12 12 0
38 38 0
81 81 1
67 67 1
78 78 0
88 88 1
84 84 0
91 91 0
32 32 1
92 92 1
36 36 1
16 16 1
51 51 1
53 53 0
74 74 1
83 83 1
10 10 1
66 66 0
54 54 0
90 90 1
14 14 0
75 75 0
27 27 1
98 98 0
34 34 0
85 85 0
80 80 0
11 11 0
96 96 0
58 58 1
42 42 0
19 19 0
97 97 0
60 60 0
61 61 1
37 37 0
65 65 1
35 35 0
57 57 1
17 17 0
82 82 1
95 95 1
59 59 1
50 50 0
69 69 1
29 29 1
44 44 1
100 100 0
46 46 1
33 33 1
39 39 0
87 87 1
68 68 1
2 2 1
26 26 1
30 30 1
71 71 1
6 6 1
79 79 1
3 3 0
4 4 1
63 63 0
55 55 0
47 47 1
49 49 1
48 48 0
76 76 0
94 94 1
21 21 0
20 20 0
70 70 0
9 9 0
89 89 1
18 18 1
43 43 1
40 40 0
45 45 0
52 52 0
24 24 1
28 28 0
73 73 0
77 77 1
93 82 998
6 6 0
54 54 1
29 29 1
30 30 0
43 43 0
41 41 0
75 75 0
92 92 1
35 35 0
5 5 1
32 32 1
34 34 1
56 56 0
60 60 1
8 8 0
67 67 0
19 19 1
71 71 1
77 77 0
26 26 0
40 40 1
45 45 0
7 7 0
66 66 1
33 33 1
4 4 1
24 24 1
89 89 1
53 53 1
39 39 1
47 47 0
49 49 0
63 63 1
2 2 0
17 17 0
83 83 1
81 81 1
22 22 1
50 50 0
48 48 1
15 15 1
20 20 1
65 65 1
44 44 0
74 74 1
46 46 0
70 70 1
84 84 1
11 11 1
9 9 0
80 80 1
69 69 1
57 57 1
37 37 1
76 76 1
31 31 1
27 27 1
25 25 0
16 16 1
78 78 1
14 14 1
18 18 0
88 88 0
91 91 1
82 82 1
23 23 0
58 58 1
86 86 1
90 90 1
62 62 0
64 64 0
3 3 1
52 52 0
13 13 0
42 42 0
73 73 1
93 93 0
10 10 0
72 72 1
36 36 1
38 38 1
28 28 1
6 5 2
2 2 1
3 3 0
4 4 1
1 1 0
5 5 0
94 60 11448943919
38 38 0
42 42 0
64 64 1
71 71 1
17 17 1
41 41 1
78 78 1
7 7 0
12 12 0
37 37 0
33 33 1
80 80 1
84 84 1
91 91 1
59 59 0
21 21 0
47 47 1
86 86 0
6 6 1
48 48 1
82 82 0
70 70 1
46 46 1
9 9 1
43 43 0
54 54 1
28 28 1
49 49 0
63 63 1
52 52 1
13 13 1
22 22 1
69 69 1
3 3 1
8 8 1
72 72 1
25 25 1
55 55 1
93 93 1
32 32 0
94 94 0
67 67 1
5 5 0
57 57 0
15 15 1
90 90 0
66 66 1
85 85 1
73 73 0
58 58 0
44 44 1
36 36 0
65 65 1
88 88 0
1 1 0
89 89 0
11 11 0
62 62 1
31 31 0
26 26 0
99 80 69917
75 75 0
24 24 1
92 92 1
86 86 0
90 90 1
44 44 1
51 51 0
22 22 1
28 28 1
16 16 1
82 82 0
95 95 0
25 25 0
60 60 1
45 45 0
72 72 1
70 70 1
1 1 1
3 3 1
17 17 0
73 73 1
55 55 1
76 76 0
89 89 0
36 36 1
54 54 1
91 91 1
49 49 1
33 33 1
6 6 0
64 64 0
94 94 0
77 77 1
58 58 1
88 88 0
14 14 1
79 79 1
98 98 0
37 37 0
80 80 0
53 53 0
46 46 1
41 41 0
42 42 1
59 59 0
81 81 1
69 69 1
66 66 0
32 32 0
52 52 0
7 7 1
97 97 0
27 27 1
68 68 0
19 19 0
56 56 1
39 39 1
85 85 1
48 48 0
30 30 0
74 74 1
8 8 1
83 83 0
20 20 0
93 93 0
35 35 0
61 61 0
47 47 0
12 12 1
29 29 0
34 34 0
63 63 0
38 38 0
11 11 1
71 71 1
40 40 0
67 67 0
10 10 1
21 21 0
62 62 1
93 44 185297586972335
92 92 0
6 6 1
62 62 1
75 75 1
31 31 0
85 85 1
29 29 1
37 37 1
33 33 0
30 30 1
45 45 1
51 51 0
23 23 1
81 81 1
59 59 0
69 69 0
28 28 0
1 1 1
9 9 1
64 64 1
73 73 1
40 40 1
12 12 1
48 48 1
86 86 1
18 18 1
32 32 1
88 88 1
13 13 1
58 58 1
44 44 1
19 19 1
70 70 1
5 5 1
90 90 1
7 7 0
65 65 1
76 76 1
22 22 1
20 20 1
84 84 1
14 14 0
4 4 1
77 77 1
91 35 56291680573706993
27 27 0
85 85 0
79 79 1
40 40 0
32 32 0
52 52 0
11 11 0
9 9 0
55 55 0
25 25 0
67 67 0
38 38 0
12 12 1
64 64 1
50 50 0
13 13 0
2 2 1
10 10 1
78 78 1
68 68 0
61 61 0
8 8 0
90 90 0
26 26 1
30 30 0
49 49 0
24 24 0
16 16 1
42 42 0
75 75 0
45 45 1
20 20 0
19 19 1
48 48 1
65 65 0
95 86 440
31 31 1
61 61 0
79 79 0
36 36 0
6 6 0
83 83 1
14 14 0
80 80 0
22 22 0
3 3 1
51 51 1
16 16 1
25 25 0
34 34 1
63 63 0
94 94 1
7 7 0
10 10 0
70 70 1
92 92 0
17 17 0
44 44 0
65 65 0
41 41 1
32 32 1
2 2 0
64 64 1
48 48 1
71 71 0
56 56 0
43 43 1
68 68 1
15 15 0
21 21 1
95 95 1
19 19 1
47 47 0
55 55 1
87 87 1
12 12 1
88 88 0
69 69 0
60 60 0
5 5 1
50 50 1
54 54 0
67 67 0
9 9 0
91 91 0
27 27 1
57 57 1
13 13 0
28 28 1
76 76 0
46 46 1
11 11 0
40 40 0
1 1 1
37 37 0
8 8 1
53 53 1
29 29 1
30 30 0
23 23 1
45 45 0
26 26 0
81 81 0
20 20 0
73 73 1
58 58 1
89 89 1
86 86 1
93 93 0
39 39 1
74 74 1
82 82 1
33 33 1
49 49 0
38 38 1
18 18 1
78 78 0
72 72 1
75 75 0
62 62 1
4 4 0
52 52 1
91 38 5634335291497522
51 51 1
39 39 0
13 13 0
72 72 1
28 28 1
70 70 1
46 46 1
40 40 1
53 53 1
14 14 1
67 67 0
7 7 0
9 9 0
10 10 0
26 26 0
58 58 0
54 54 1
89 89 0
78 78 0
33 33 1
86 86 0
17 17 1
41 41 1
85 85 0
63 63 1
16 16 0
73 73 0
21 21 1
60 60 1
37 37 0
68 68 0
80 80 0
12 12 0
90 90 1
34 34 0
44 44 0
79 79 0
61 61 0
95 71 20521
29 29 1
80 80 1
24 24 1
94 94 1
88 88 0
35 35 0
58 58 1
20 20 1
12 12 1
75 75 0
54 54 0
37 37 1
83 83 1
89 89 1
87 87 0
71 71 0
23 23 1
55 55 1
47 47 1
79 79 1
42 42 1
43 43 1
68 68 0
17 17 0
41 41 1
5 5 1
44 44 1
48 48 0
18 18 1
8 8 1
13 13 1
26 26 0
64 64 1
82 82 0
70 70 0
86 86 1
93 93 0
57 57 1
7 7 1
56 56 0
33 33 1
52 52 1
6 6 0
22 22 0
14 14 1
78 78 0
74 74 0
31 31 0
39 39 1
81 81 0
32 32 1
21 21 0
51 51 1
27 27 1
10 10 0
30 30 1
84 84 0
19 19 1
67 67 1
38 38 0
95 95 0
76 76 1
15 15 1
69 69 1
61 61 0
28 28 0
60 60 0
59 59 1
73 73 1
34 34 1
46 46 1
93 10 476565973595553721
6 6 1
79 79 0
72 72 0
33 33 1
60 60 0
50 50 0
57 57 1
39 39 1
87 87 1
23 23 1
96 20 761194354999388226
72 72 1
56 56 0
70 70 0
37 37 1
48 48 0
42 42 0
19 19 1
65 65 1
82 82 0
96 96 0
44 44 0
5 5 1
29 29 1
39 39 1
22 22 0
75 75 1
31 31 0
92 92 1
36 36 0
34 34 1
99 30 911848924901982017
71 71 1
80 80 0
70 70 1
44 44 0
10 10 1
38 38 1
83 83 0
60 60 1
58 58 1
5 5 1
1 1 1
30 30 0
93 93 0
63 63 1
19 19 1
87 87 0
89 89 0
82 82 1
18 18 0
72 72 0
95 95 1
97 97 1
29 29 1
94 94 1
33 33 0
46 46 1
56 56 0
47 47 1
78 78 0
50 50 0
92 9 45526011946100214
13 13 1
31 31 0
57 57 1
37 37 1
87 87 0
40 40 1
90 90 1
82 82 0
34 34 1
92 18 234595248858882994
32 32 1
62 62 1
20 20 0
87 87 1
48 48 1
55 55 1
80 80 1
38 38 0
86 86 1
71 71 0
72 72 1
69 69 0
50 50 0
73 73 0
79 79 0
47 47 0
53 53 0
76 76 1
91 41 732661442412025
87 87 1
59 59 1
60 60 1
14 14 1
13 13 1
9 9 1
35 35 0
38 38 1
6 6 1
43 43 1
80 80 1
64 64 0
34 34 0
18 18 1
47 47 0
71 71 0
86 86 0
48 48 1
33 33 1
65 65 0
56 56 1
1 1 1
88 88 0
67 67 1
3 3 1
89 89 1
63 63 0
78 78 0
17 17 1
81 81 0
27 27 0
25 25 1
44 44 1
74 74 0
21 21 0
19 19 1
84 84 1
75 75 0
70 70 0
46 46 1
82 82 1
97 12 594178384818569094
44 44 1
17 17 0
33 33 1
86 86 1
34 34 0
83 83 1
72 72 0
50 50 1
54 54 0
21 21 1
35 35 0
64 64 1
96 15 975399331659908886
8 8 1
6 6 0
67 67 1
95 95 1
45 45 0
28 28 1
73 73 1
59 59 1
12 12 0
39 39 0
68 68 0
60 60 1
63 63 1
10 10 0
18 18 0
96 74 425523
53 53 1
13 13 1
63 63 0
14 14 0
18 18 1
42 42 0
17 17 1
70 70 1
23 23 0
4 4 0
44 44 1
93 93 0
19 19 0
27 27 0
31 31 0
7 7 1
81 81 1
35 35 1
50 50 0
90 90 1
32 32 1
75 75 0
1 1 1
6 6 1
71 71 1
61 61 1
48 48 1
2 2 0
9 9 1
89 89 1
5 5 1
74 74 1
72 72 1
24 24 1
36 36 1
94 94 0
80 80 0
28 28 0
55 55 0
10 10 0
69 69 0
73 73 0
79 79 1
78 78 0
20 20 1
49 49 1
46 46 1
86 86 1
40 40 1
37 37 0
45 45 0
65 65 1
21 21 1
88 88 1
29 29 1
59 59 0
34 34 1
26 26 1
54 54 1
96 96 1
68 68 1
57 57 1
83 83 0
64 64 0
82 82 1
87 87 1
12 12 0
47 47 1
15 15 1
66 66 1
84 84 0
8 8 0
16 16 1
95 95 1
8 6 3
1 1 0
2 2 0
6 6 1
4 4 1
3 3 0
5 5 0
94 30 500140433193377745
60 60 0
25 25 0
18 18 0
3 3 1
76 76 1
15 15 1
24 24 0
66 66 0
22 22 1
70 70 0
68 68 1
10 10 1
52 52 0
69 69 0
83 83 0
31 31 0
44 44 1
53 53 1
50 50 1
72 72 0
91 91 0
40 40 0
28 28 1
4 4 0
63 63 1
71 71 1
90 90 1
80 80 1
42 42 0
59 59 0
91 89 4
79 79 0
73 73 0
25 25 1
67 67 0
28 28 1
5 5 1
35 35 1
20 20 1
9 9 1
12 12 1
46 46 0
44 44 1
66 66 1
64 64 0
39 39 1
43 43 1
4 4 1
30 30 0
38 38 0
60 60 1
56 56 1
62 62 0
50 50 1
83 83 0
10 10 1
86 86 1
41 41 1
61 61 0
48 48 1
33 33 0
31 31 0
47 47 0
55 55 1
1 1 0
19 19 0
53 53 0
23 23 1
77 77 0
81 81 1
76 76 1
82 82 0
42 42 1
45 45 1
13 13 1
21 21 0
71 71 1
85 85 1
37 37 1
14 14 1
18 18 1
69 69 1
11 11 0
40 40 1
8 8 1
16 16 0
75 75 0
36 36 1
59 59 0
2 2 1
78 78 0
6 6 0
74 74 0
88 88 1
3 3 0
89 89 1
22 22 0
27 27 1
7 7 1
70 70 0
63 63 1
72 72 0
58 58 1
15 15 0
80 80 1
65 65 0
91 91 1
90 90 1
49 49 1
17 17 1
32 32 1
84 84 0
87 87 0
68 68 1
54 54 0
34 34 0
26 26 0
29 29 1
24 24 1
52 52 1
97 87 436
75 75 1
3 3 1
63 63 0
84 84 0
18 18 0
72 72 0
55 55 1
23 23 0
94 94 0
35 35 1
20 20 1
6 6 1
33 33 1
25 25 1
92 92 0
5 5 1
22 22 1
48 48 1
39 39 0
68 68 1
40 40 1
32 32 0
51 51 0
81 81 1
27 27 1
17 17 1
43 43 0
66 66 0
34 34 0
85 85 1
60 60 1
65 65 0
42 42 1
64 64 1
9 9 0
8 8 0
83 83 1
38 38 1
95 95 0
91 91 0
28 28 0
11 11 0
4 4 0
36 36 1
87 87 0
58 58 1
41 41 1
56 56 1
16 16 0
47 47 1
70 70 1
86 86 0
12 12 1
19 19 1
1 1 1
61 61 0
46 46 1
79 79 0
54 54 1
76 76 1
44 44 1
93 93 0
82 82 0
7 7 0
45 45 1
67 67 0
53 53 0
49 49 1
26 26 0
71 71 0
80 80 1
24 24 1
21 21 1
96 96 1
78 78 0
15 15 1
73 73 1
30 30 1
90 90 0
37 37 0
13 13 1
52 52 0
74 74 1
89 89 0
57 57 0
77 77 0
2 2 0
96 61 9710501286
37 37 0
31 31 1
56 56 1
43 43 0
55 55 0
46 46 0
19 19 0
42 42 0
65 65 1
58 58 1
24 24 0
59 59 1
95 95 1
17 17 0
18 18 0
47 47 1
49 49 0
28 28 1
44 44 1
6 6 1
38 38 1
21 21 1
92 92 0
85 85 0
64 64 1
87 87 0
1 1 1
3 3 0
7 7 0
40 40 0
80 80 1
91 91 0
13 13 1
57 57 0
32 32 1
2 2 1
81 81 1
9 9 0
8 8 0
36 36 1
62 62 1
27 27 0
82 82 0
71 71 1
75 75 0
79 79 0
5 5 1
25 25 0
78 78 1
68 68 0
20 20 1
77 77 0
52 52 0
22 22 0
63 63 0
93 93 1
14 14 1
12 12 0
61 61 0
86 86 1
34 34 0
92 8 597177138200996544
45 45 0
79 79 1
41 41 0
29 29 1
38 38 0
10 10 0
28 28 1
54 54 0
95 70 13268955
33 33 0
80 80 0
30 30 0
79 79 1
74 74 0
25 25 1
64 64 1
3 3 0
21 21 1
23 23 0
22 22 1
62 62 1
59 59 0
85 85 0
69 69 1
1 1 1
54 54 0
12 12 0
41 41 1
70 70 1
14 14 0
29 29 0
13 13 1
47 47 1
75 75 0
44 44 1
20 20 1
82 82 1
42 42 0
58 58 0
65 65 0
35 35 1
39 39 1
55 55 0
76 76 0
6 6 1
32 32 0
52 52 0
84 84 0
92 92 0
63 63 1
91 91 0
90 90 1
61 61 1
5 5 1
56 56 1
53 53 0
94 94 0
17 17 1
51 51 0
9 9 0
50 50 0
26 26 1
45 45 1
43 43 1
81 81 0
68 68 1
37 37 0
78 78 1
88 88 1
11 11 1
27 27 1
49 49 1
67 67 1
24 24 1
10 10 0
60 60 1
57 57 1
8 8 0
38 38 1
99 87 4007
13 13 0
66 66 0
15 15 1
97 97 1
68 68 0
82 82 0
42 42 1
55 55 0
74 74 1
7 7 0
21 21 1
98 98 0
69 69 0
50 50 0
40 40 0
35 35 0
61 61 1
72 72 0
79 79 0
81 81 0
34 34 0
52 52 0
28 28 0
85 85 1
8 8 1
94 94 1
59 59 0
38 38 0
36 36 1
65 65 0
86 86 0
77 77 0
4 4 1
25 25 0
89 89 1
18 18 1
46 46 1
51 51 1
71 71 1
99 99 1
30 30 1
45 45 1
33 33 0
90 90 0
58 58 1
3 3 0
64 64 0
67 67 0
26 26 0
23 23 1
9 9 1
47 47 1
2 2 1
10 10 1
95 95 1
91 91 1
17 17 1
84 84 1
92 92 1
78 78 0
11 11 1
63 63 1
73 73 0
62 62 1
41 41 0
44 44 0
80 80 1
31 31 1
24 24 0
83 83 0
6 6 0
19 19 1
14 14 0
48 48 0
43 43 1
60 60 0
32 32 1
37 37 1
49 49 1
20 20 1
57 57 0
56 56 0
53 53 0
22 22 0
75 75 0
87 87 0
76 76 0
98 96 1
66 66 0
41 41 1
64 64 0
78 78 1
60 60 0
81 81 0
67 67 0
7 7 1
47 47 0
42 42 0
74 74 0
2 2 0
45 45 0
4 4 0
96 96 0
95 95 0
6 6 1
53 53 1
3 3 0
19 19 0
44 44 1
54 54 0
58 58 1
34 34 0
23 23 0
9 9 0
12 12 1
31 31 0
22 22 1
5 5 1
25 25 0
51 51 1
91 91 0
13 13 0
21 21 0
70 70 0
75 75 1
55 55 0
84 84 1
20 20 0
48 48 1
52 52 1
82 82 0
56 56 1
49 49 0
69 69 0
50 50 0
88 88 1
77 77 0
38 38 0
28 28 0
17 17 1
39 39 1
37 37 0
1 1 0
18 18 0
98 98 0
24 24 1
65 65 1
29 29 0
8 8 1
59 59 0
57 57 1
15 15 0
26 26 0
90 90 0
94 94 1
76 76 1
11 11 0
79 79 0
62 62 1
83 83 1
33 33 0
63 63 0
68 68 1
72 72 1
87 87 1
71 71 0
97 97 0
86 86 1
40 40 1
35 35 0
43 43 0
92 92 1
16 16 0
73 73 1
14 14 1
32 32 0
61 61 1
85 85 0
36 36 0
30 30 0
10 10 1
93 93 1
27 27 1
89 89 0
99 65 5225358890
57 57 1
87 87 0
94 94 1
98 98 1
35 35 1
75 75 1
17 17 1
55 55 1
10 10 0
51 51 1
80 80 1
25 25 0
5 5 1
97 97 0
11 11 0
14 14 1
54 54 1
34 34 1
60 60 0
44 44 0
20 20 0
91 91 0
71 71 0
9 9 0
78 78 1
38 38 0
6 6 0
23 23 0
89 89 0
32 32 1
3 3 0
39 39 0
92 92 0
61 61 1
40 40 1
36 36 0
81 81 1
48 48 0
7 7 0
46 46 0
15 15 1
77 77 0
62 62 0
65 65 0
70 70 0
31 31 0
66 66 0
86 86 0
73 73 0
12 12 1
47 47 1
82 82 0
85 85 0
64 64 0
37 37 0
53 53 0
13 13 0
1 1 1
26 26 0
95 95 0
30 30 1
88 88 0
22 22 1
79 79 0
74 74 1
91 64 96259098
82 82 0
91 91 1
1 1 1
65 65 0
59 59 1
75 75 0
61 61 0
42 42 1
25 25 0
72 72 0
33 33 1
84 84 1
44 44 0
14 14 1
83 83 0
37 37 1
21 21 1
51 51 0
85 85 1
40 40 1
58 58 1
79 79 1
22 22 0
12 12 0
28 28 1
56 56 0
41 41 0
73 73 0
60 60 1
71 71 1
23 23 1
26 26 0
43 43 1
68 68 0
86 86 1
9 9 1
2 2 1
88 88 0
38 38 1
8 8 1
89 89 1
30 30 0
50 50 0
78 78 1
24 24 0
31 31 0
18 18 1
55 55 1
19 19 1
20 20 0
35 35 1
66 66 0
53 53 0
10 10 1
7 7 0
13 13 1
29 29 1
74 74 1
52 52 0
34 34 0
69 69 0
64 64 0
87 87 1
3 3 1
96 10 282332353954682529
72 72 0
19 19 0
63 63 1
58 58 0
55 55 1
40 40 0
82 82 1
22 22 1
24 24 0
45 45 0
97 63 13700774195
70 70 0
61 61 1
77 77 0
92 92 0
59 59 1
32 32 0
25 25 1
43 43 0
47 47 0
36 36 0
52 52 0
96 96 1
35 35 0
76 76 1
30 30 1
63 63 1
12 12 1
5 5 1
41 41 1
80 80 0
66 66 1
39 39 0
55 55 1
89 89 1
82 82 0
51 51 1
11 11 1
22 22 0
73 73 0
56 56 0
15 15 0
34 34 1
1 1 0
68 68 0
4 4 1
88 88 1
65 65 1
2 2 0
16 16 1
81 81 0
7 7 0
27 27 0
29 29 1
50 50 0
91 91 0
33 33 1
54 54 0
83 83 0
20 20 0
38 38 1
90 90 0
46 46 0
31 31 0
57 57 0
14 14 1
58 58 0
53 53 0
94 94 0
93 93 0
71 71 1
44 44 0
69 69 1
42 42 1
98 4 554097582743658918
53 53 1
50 50 1
73 73 1
57 57 1
7 4 5
7 7 1
5 5 1
6 6 1
3 3 0
91 48 6897986393802
56 56 1
37 37 1
2 2 0
90 90 1
73 73 0
27 27 1
54 54 0
52 52 0
74 74 0
86 86 1
35 35 0
6 6 1
46 46 0
80 80 1
20 20 0
88 88 0
38 38 1
43 43 0
3 3 0
50 50 1
78 78 0
64 64 0
26 26 1
85 85 0
44 44 0
53 53 0
39 39 1
42 42 0
1 1 0
49 49 0
47 47 1
79 79 0
23 23 0
72 72 0
81 81 0
87 87 1
60 60 0
55 55 0
91 91 1
24 24 1
57 57 1
84 84 0
9 9 0
70 70 1
5 5 1
62 62 1
16 16 1
34 34 0
10 9 1
5 5 0
6 6 0
8 8 0
2 2 1
10 10 0
3 3 0
1 1 0
4 4 0
9 9 0
96 69 39186804
56 56 1
17 17 1
31 31 0
80 80 0
62 62 1
96 96 0
69 69 1
43 43 1
41 41 1
27 27 0
92 92 1
20 20 1
47 47 1
84 84 1
53 53 0
38 38 1
48 48 0
68 68 1
95 95 1
19 19 1
12 12 1
79 79 1
93 93 1
26 26 0
52 52 0
22 22 0
83 83 0
10 10 1
7 7 0
54 54 0
15 15 0
39 39 0
23 23 1
14 14 1
63 63 0
28 28 1
35 35 0
71 71 1
60 60 1
6 6 1
55 55 0
94 94 1
59 59 1
61 61 0
37 37 0
36 36 0
74 74 0
76 76 1
42 42 1
5 5 0
66 66 0
1 1 1
45 45 0
49 49 0
77 77 1
25 25 0
33 33 1
18 18 1
44 44 0
78 78 0
64 64 1
4 4 0
82 82 1
91 91 0
75 75 1
46 46 1
16 16 0
11 11 0
8 8 0
94 78 8880
30 30 1
86 86 1
88 88 0
57 57 1
71 71 0
49 49 0
23 23 0
92 92 0
31 31 1
9 9 0
43 43 0
78 78 1
62 62 0
28 28 1
26 26 1
41 41 0
87 87 0
82 82 0
70 70 0
25 25 0
50 50 0
48 48 1
18 18 1
35 35 0
61 61 1
37 37 1
38 38 1
46 46 1
80 80 1
76 76 1
73 73 0
14 14 0
75 75 1
39 39 1
63 63 0
11 11 1
3 3 1
10 10 0
51 51 0
33 33 1
22 22 1
42 42 1
15 15 1
77 77 1
93 93 1
89 89 0
65 65 1
53 53 1
4 4 1
29 29 1
27 27 1
79 79 1
7 7 0
20 20 0
21 21 1
94 94 1
68 68 0
56 56 0
1 1 0
54 54 0
60 60 0
74 74 1
36 36 0
58 58 1
64 64 0
19 19 0
83 83 1
45 45 0
52 52 1
32 32 1
44 44 0
34 34 1
6 6 1
12 12 1
17 17 0
5 5 0
55 55 0
8 8 0
95 53 3542419228282
24 24 1
16 16 0
90 90 1
6 6 0
81 81 0
13 13 0
80 80 1
7 7 0
87 87 1
82 82 1
77 77 0
43 43 1
86 86 1
5 5 1
39 39 0
68 68 1
62 62 0
92 92 1
8 8 1
75 75 1
53 53 1
78 78 1
57 57 1
3 3 1
29 29 1
74 74 1
35 35 1
83 83 1
49 49 1
91 91 1
41 41 1
63 63 0
45 45 1
64 64 0
25 25 1
10 10 0
67 67 1
59 59 0
85 85 1
30 30 0
58 58 1
34 34 1
89 89 1
65 65 0
55 55 0
73 73 0
33 33 1
40 40 1
32 32 1
95 95 0
14 14 1
1 1 0
38 38 1
97 64 1277990004
15 15 1
24 24 1
50 50 1
94 94 0
78 78 0
56 56 1
60 60 1
42 42 1
6 6 1
54 54 0
16 16 1
51 51 0
32 32 1
19 19 1
21 21 1
12 12 1
40 40 0
66 66 0
79 79 1
18 18 1
35 35 1
64 64 1
91 91 1
96 96 1
81 81 0
53 53 0
26 26 1
43 43 0
17 17 0
36 36 1
13 13 1
67 67 1
93 93 0
58 58 1
84 84 0
74 74 1
45 45 0
57 57 0
75 75 0
63 63 1
70 70 1
65 65 0
10 10 0
2 2 1
11 11 1
62 62 1
86 86 1
30 30 0
39 39 0
83 83 0
52 52 0
23 23 1
77 77 0
76 76 0
31 31 1
95 95 0
89 89 1
1 1 1
33 33 0
14 14 1
68 68 1
80 80 0
69 69 1
29 29 1
96 71 23312897
86 86 0
80 80 0
67 67 0
18 18 0
9 9 1
3 3 1
71 71 0
61 61 0
4 4 1
16 16 0
27 27 0
23 23 1
63 63 0
75 75 1
46 46 1
84 84 0
50 50 1
2 2 0
41 41 0
55 55 0
7 7 1
42 42 1
82 82 1
43 43 1
29 29 1
15 15 0
40 40 0
52 52 1
11 11 0
89 89 0
68 68 0
33 33 1
32 32 0
60 60 1
88 88 0
5 5 1
66 66 1
22 22 0
72 72 1
93 93 1
17 17 1
37 37 1
35 35 1
95 95 0
6 6 1
62 62 0
24 24 0
19 19 0
81 81 0
39 39 1
64 64 0
58 58 1
26 26 0
51 51 0
45 45 1
76 76 0
1 1 0
69 69 0
25 25 0
21 21 1
78 78 0
92 92 1
73 73 0
38 38 1
59 59 0
10 10 1
49 49 0
83 83 1
34 34 0
8 8 1
20 20 0
98 95 3
17 17 0
95 95 0
38 38 0
20 20 1
27 27 0
12 12 1
74 74 1
24 24 1
5 5 0
36 36 0
87 87 0
78 78 0
70 70 1
50 50 1
30 30 1
11 11 1
55 55 0
28 28 0
19 19 0
47 47 0
37 37 1
53 53 1
85 85 1
44 44 0
35 35 0
68 68 0
45 45 1
90 90 1
52 52 0
51 51 1
16 16 1
18 18 0
26 26 1
91 91 1
4 4 1
63 63 0
86 86 1
40 40 0
79 79 1
3 3 0
93 93 0
60 60 0
62 62 0
75 75 0
64 64 1
1 1 1
77 77 1
65 65 1
82 82 1
7 7 0
81 81 0
76 76 0
41 41 1
58 58 1
61 61 0
14 14 1
2 2 1
43 43 1
23 23 1
67 67 1
32 32 1
33 33 1
57 57 0
71 71 0
56 56 0
89 89 1
69 69 1
22 22 1
72 72 0
94 94 0
96 96 1
92 92 0
73 73 0
98 98 0
48 48 0
10 10 1
21 21 1
49 49 1
54 54 1
59 59 0
88 88 1
15 15 1
42 42 0
46 46 0
97 97 1
80 80 0
6 6 0
25 25 0
9 9 0
83 83 1
66 66 0
8 8 0
29 29 0
39 39 0
84 84 1
10 6 8
10 10 0
2 2 1
3 3 0
4 4 1
9 9 0
5 5 0
8 4 1
2 2 0
8 8 1
7 7 0
1 1 1
92 41 1915541247547911
69 69 0
61 61 0
9 9 0
4 4 1
31 31 0
81 81 0
33 33 0
23 23 0
45 45 0
70 70 0
26 26 0
44 44 0
60 60 0
53 53 1
3 3 0
10 10 0
22 22 0
19 19 0
41 41 1
36 36 1
15 15 1
86 86 0
83 83 0
87 87 0
1 1 1
28 28 0
38 38 0
56 56 1
59 59 1
29 29 0
17 17 1
52 52 0
2 2 0
47 47 1
50 50 0
18 18 1
16 16 0
49 49 1
80 80 0
76 76 0
30 30 0
94 7 43255513377842369
84 84 0
17 17 0
40 40 1
36 36 0
29 29 0
55 55 0
80 80 0
97 56 1832594358365
1 1 0
7 7 0
20 20 0
61 61 0
22 22 1
92 92 1
3 3 0
67 67 0
21 21 1
72 72 0
38 38 0
52 52 1
81 81 1
15 15 0
13 13 0
49 49 0
77 77 0
19 19 1
79 79 0
50 50 1
51 51 1
91 91 1
17 17 0
37 37 1
4 4 0
88 88 1
10 10 1
71 71 0
75 75 1
74 74 1
32 32 1
86 86 0
25 25 0
6 6 0
64 64 0
14 14 0
59 59 1
27 27 1
63 63 1
8 8 1
41 41 0
78 78 1
28 28 0
9 9 1
16 16 1
93 93 1
42 42 1
69 69 0
57 57 0
70 70 1
62 62 1
83 83 0
2 2 1
76 76 0
12 12 1
90 90 1
8 1 105
2 2 0
97 51 56019125247392
43 43 1
9 9 1
84 84 0
42 42 0
10 10 1
85 85 0
36 36 1
35 35 1
55 55 0
13 13 0
24 24 1
94 94 1
16 16 0
63 63 0
29 29 1
14 14 1
57 57 1
58 58 0
25 25 0
22 22 0
62 62 1
41 41 0
47 47 1
40 40 0
95 95 0
87 87 0
19 19 0
11 11 1
90 90 1
37 37 1
69 69 1
30 30 0
17 17 0
52 52 1
7 7 0
15 15 0
4 4 1
77 77 0
91 91 0
28 28 1
54 54 0
86 86 1
88 88 1
3 3 0
33 33 0
49 49 0
81 81 1
39 39 1
1 1 1
96 96 1
80 80 1
94 88 10
15 15 0
25 25 1
3 3 0
36 36 0
42 42 0
83 83 0
18 18 0
37 37 1
43 43 1
49 49 0
52 52 1
64 64 1
77 77 1
28 28 1
79 79 0
10 10 1
27 27 1
41 41 0
59 59 1
90 90 1
9 9 0
40 40 1
56 56 1
58 58 0
94 94 0
14 14 0
20 20 0
61 61 0
63 63 1
4 4 1
7 7 0
91 91 1
32 32 1
55 55 0
17 17 0
69 69 0
87 87 0
1 1 0
78 78 0
5 5 1
45 45 0
66 66 1
30 30 1
60 60 1
73 73 1
35 35 1
92 92 1
11 11 0
76 76 1
65 65 1
33 33 0
71 71 0
2 2 1
81 81 1
24 24 1
89 89 0
85 85 0
70 70 0
51 51 1
16 16 0
6 6 0
8 8 0
47 47 1
72 72 1
29 29 0
86 86 1
39 39 0
62 62 0
48 48 0
38 38 1
50 50 1
88 88 1
23 23 1
75 75 1
26 26 0
93 93 0
82 82 1
13 13 1
12 12 0
57 57 1
68 68 0
46 46 1
67 67 1
21 21 0
84 84 1
53 53 1
80 80 1
34 34 0
96 4 524952724563576731
75 75 0
48 48 0
85 85 0
96 96 1
100 30 943040962457087304
95 95 0
56 56 1
39 39 0
98 98 1
38 38 0
96 96 1
65 65 1
77 77 0
86 86 1
23 23 1
9 9 0
63 63 1
42 42 0
14 14 0
10 10 0
47 47 1
41 41 1
69 69 0
67 67 1
61 61 0
68 68 1
36 36 1
49 49 0
43 43 1
33 33 0
72 72 1
46 46 0
18 18 1
16 16 1
28 28 0
94 49 11812862795770
31 31 1
43 43 0
65 65 0
23 23 0
12 12 1
24 24 0
74 74 1
6 6 1
40 40 0
13 13 1
61 61 0
1 1 0
64 64 1
50 50 1
2 2 1
30 30 0
82 82 1
36 36 0
7 7 1
62 62 1
63 63 0
34 34 1
4 4 1
26 26 0
89 89 0
66 66 1
86 86 1
79 79 0
70 70 1
76 76 0
58 58 0
37 37 1
57 57 1
17 17 1
32 32 0
72 72 0
5 5 1
20 20 1
35 35 0
84 84 0
16 16 1
83 83 1
47 47 0
60 60 0
21 21 0
22 22 0
85 85 1
78 78 0
94 94 1
95 74 246055
30 30 0
41 41 1
88 88 1
36 36 1
92 92 0
65 65 0
5 5 0
71 71 0
66 66 1
90 90 0
76 76 0
91 91 1
38 38 0
70 70 1
15 15 0
61 61 0
40 40 1
43 43 1
57 57 0
29 29 0
60 60 1
23 23 0
72 72 0
51 51 1
73 73 0
7 7 0
35 35 0
59 59 0
28 28 0
63 63 1
78 78 1
14 14 0
89 89 1
77 77 0
22 22 0
54 54 1
45 45 0
3 3 0
62 62 1
74 74 0
26 26 1
58 58 1
9 9 0
24 24 0
10 10 1
17 17 1
94 94 1
12 12 1
46 46 1
47 47 0
1 1 0
87 87 1
21 21 0
67 67 1
18 18 0
32 32 0
82 82 0
2 2 1
86 86 0
55 55 1
53 53 0
13 13 0
93 93 0
20 20 0
34 34 0
85 85 1
68 68 0
37 37 0
25 25 0
19 19 0
75 75 0
4 4 1
79 79 1
44 44 0
100 1 1000000000000000000
1 1 0
92 36 28030029118671432
83 83 0
63 63 1
55 55 1
3 3 1
62 62 1
77 77 1
67 67 0
9 9 1
78 78 1
14 14 0
1 1 0
23 23 1
54 54 0
12 12 0
30 30 0
57 57 0
88 88 1
49 49 0
13 13 0
84 84 1
51 51 0
90 90 0
46 46 1
75 75 0
25 25 1
73 73 0
61 61 0
74 74 0
2 2 0
6 6 0
81 81 1
15 15 1
34 34 0
36 36 1
22 22 1
91 91 0
95 66 161702905
1 1 1
42 42 0
21 21 1
94 94 1
6 6 0
5 5 0
25 25 0
30 30 1
74 74 0
49 49 1
65 65 1
63 63 0
69 69 1
8 8 1
4 4 0
66 66 0
56 56 0
71 71 0
16 16 1
77 77 0
55 55 1
86 86 1
83 83 1
78 78 1
17 17 0
2 2 0
36 36 1
22 22 0
28 28 0
20 20 0
60 60 1
40 40 0
62 62 0
26 26 0
84 84 0
53 53 1
12 12 1
89 89 1
67 67 0
33 33 1
95 95 1
38 38 0
9 9 0
35 35 1
24 24 1
80 80 0
15 15 1
45 45 0
90 90 1
92 92 0
34 34 1
31 31 0
68 68 0
91 91 1
3 3 1
70 70 0
23 23 0
59 59 0
10 10 0
41 41 1
7 7 0
29 29 0
58 58 1
50 50 0
18 18 1
44 44 0
92 2 995705971097589006
86 86 1
16 16 0
95 59 53329115145
62 62 0
32 32 1
22 22 1
71 71 1
75 75 0
39 39 1
58 58 0
12 12 0
69 69 0
65 65 1
55 55 0
59 59 0
78 78 1
37 37 1
6 6 0
92 92 1
89 89 0
29 29 1
45 45 1
88 88 1
53 53 1
11 11 1
56 56 1
10 10 0
94 94 1
31 31 0
87 87 0
72 72 0
91 91 0
33 33 1
17 17 0
52 52 0
35 35 0
18 18 1
34 34 1
64 64 1
68 68 0
73 73 1
49 49 0
81 81 0
25 25 1
82 82 1
21 21 0
40 40 1
83 83 1
93 93 1
51 51 1
4 4 0
84 84 1
28 28 0
23 23 0
38 38 0
46 46 0
3 3 0
7 7 1
66 66 1
26 26 1
41 41 1
47 47 1
100 49 1801798175791476
25 25 0
71 71 1
61 61 0
80 80 1
74 74 1
36 36 0
94 94 0
90 90 1
78 78 0
85 85 1
99 99 0
8 8 0
51 51 0
20 20 0
1 1 0
43 43 0
50 50 0
6 6 1
18 18 1
33 33 0
57 57 1
17 17 0
38 38 0
56 56 1
3 3 1
93 93 0
44 44 1
35 35 0
16 16 1
11 11 1
91 91 0
9 9 0
15 15 0
23 23 0
7 7 1
37 37 1
49 49 1
76 76 1
65 65 0
63 63 0
28 28 0
5 5 0
46 46 1
70 70 0
79 79 0
31 31 1
84 84 0
82 82 1
42 42 1
9 9 1
7 7 0
2 2 0
5 5 0
9 9 1
8 8 0
3 3 1
4 4 1
6 6 1
1 1 1
96 9 177655239861649373
87 87 0
62 62 0
37 37 0
68 68 1
32 32 1
8 8 1
39 39 0
81 81 1
80 80 1
96 32 944004987069891355
41 41 1
62 62 0
57 57 0
75 75 0
53 53 0
74 74 0
45 45 0
76 76 1
77 77 0
60 60 0
17 17 0
54 54 0
94 94 1
47 47 1
37 37 1
28 28 0
88 88 0
21 21 1
27 27 0
34 34 0
48 48 1
25 25 1
22 22 0
81 81 0
66 66 1
40 40 0
79 79 0
1 1 1
68 68 1
63 63 0
23 23 1
84 84 0
96 95 2
61 61 1
82 82 0
13 13 0
34 34 1
80 80 1
1 1 0
53 53 1
11 11 0
87 87 0
5 5 1
77 77 0
43 43 0
92 92 0
91 91 1
93 93 1
57 57 0
74 74 0
85 85 1
10 10 0
36 36 0
78 78 1
72 72 1
26 26 0
46 46 0
50 50 1
35 35 0
39 39 0
55 55 0
29 29 0
70 70 1
51 51 1
17 17 0
31 31 0
42 42 0
95 95 0
83 83 1
68 68 0
54 54 1
12 12 1
41 41 1
40 40 0
4 4 0
84 84 0
6 6 0
20 20 0
73 73 0
44 44 1
21 21 0
23 23 1
52 52 0
3 3 0
48 48 1
69 69 0
9 9 0
28 28 1
19 19 0
62 62 0
65 65 1
16 16 0
86 86 1
33 33 0
22 22 0
37 37 0
18 18 1
56 56 1
15 15 1
32 32 1
71 71 1
25 25 1
90 90 1
67 67 1
81 81 1
64 64 0
45 45 1
79 79 1
63 63 1
8 8 0
2 2 1
88 88 1
75 75 1
60 60 0
7 7 0
14 14 1
89 89 0
66 66 1
58 58 1
47 47 1
24 24 0
27 27 1
59 59 0
76 76 1
96 96 0
30 30 0
94 94 0
49 49 0
98 37 154670407517821103
41 41 0
18 18 0
16 16 1
8 8 1
88 88 0
53 53 1
87 87 0
51 51 0
37 37 1
4 4 0
39 39 0
32 32 0
64 64 0
80 80 1
45 45 0
74 74 0
25 25 1
56 56 0
1 1 1
58 58 0
82 82 0
97 97 1
17 17 0
30 30 1
84 84 0
94 94 1
19 19 0
40 40 0
42 42 0
69 69 0
27 27 1
38 38 1
12 12 0
48 48 1
52 52 0
5 5 0
7 7 1
8 6 2
6 6 0
1 1 0
4 4 1
2 2 0
7 7 0
5 5 0
99 88 991
95 95 1
55 55 0
30 30 1
23 23 0
91 91 0
99 99 0
79 79 0
77 77 1
13 13 1
22 22 1
56 56 1
90 90 0
58 58 0
70 70 0
60 60 0
32 32 0
94 94 1
80 80 0
21 21 0
45 45 0
36 36 1
17 17 1
18 18 0
10 10 0
31 31 1
44 44 0
46 46 1
74 74 1
85 85 0
25 25 1
76 76 1
86 86 1
8 8 1
87 87 0
51 51 0
3 3 1
92 92 0
61 61 1
84 84 0
97 97 1
24 24 0
59 59 1
57 57 0
63 63 0
16 16 1
19 19 0
93 93 0
40 40 1
38 38 0
29 29 0
50 50 0
82 82 0
43 43 1
15 15 1
53 53 0
35 35 1
41 41 1
47 47 0
4 4 1
68 68 0
34 34 1
9 9 0
67 67 0
65 65 0
66 66 0
11 11 1
78 78 0
64 64 1
81 81 0
26 26 1
48 48 0
83 83 1
7 7 0
62 62 1
88 88 0
96 96 0
6 6 1
28 28 1
39 39 0
1 1 1
14 14 0
54 54 1
73 73 0
89 89 0
52 52 1
20 20 1
49 49 0
71 71 1
97 29 450989153657459127
26 26 1
25 25 0
2 2 0
88 88 0
73 73 1
48 48 1
50 50 1
64 64 1
61 61 1
41 41 0
6 6 0
85 85 1
4 4 1
86 86 0
46 46 1
79 79 1
51 51 0
22 22 1
95 95 0
83 83 1
19 19 0
7 7 0
32 32 0
59 59 0
53 53 0
66 66 1
20 20 0
1 1 1
71 71 0
94 43 659358677919713
74 74 0
26 26 1
36 36 1
27 27 1
51 51 1
37 37 1
66 66 1
15 15 0
4 4 1
19 19 0
62 62 1
64 64 1
35 35 1
52 52 0
67 67 0
5 5 1
8 8 1
91 91 0
54 54 0
84 84 1
76 76 1
7 7 0
89 89 0
16 16 0
28 28 1
57 57 0
88 88 1
49 49 1
40 40 0
55 55 0
43 43 1
75 75 1
22 22 0
56 56 1
30 30 0
24 24 1
41 41 1
46 46 1
77 77 1
34 34 0
90 90 0
93 93 1
69 69 1
96 73 679467
70 70 0
17 17 1
4 4 0
64 64 1
43 43 0
33 33 1
52 52 0
87 87 0
11 11 1
93 93 0
34 34 1
37 37 0
12 12 1
36 36 1
19 19 1
58 58 1
35 35 1
23 23 1
83 83 0
95 95 1
63 63 1
76 76 0
84 84 1
50 50 1
80 80 0
25 25 0
47 47 1
24 24 1
56 56 1
69 69 0
72 72 0
38 38 0
57 57 0
28 28 1
55 55 1
18 18 0
10 10 1
16 16 0
92 92 0
49 49 1
65 65 0
51 51 1
96 96 1
91 91 0
22 22 0
82 82 0
6 6 0
94 94 0
13 13 0
39 39 1
5 5 0
81 81 1
1 1 0
85 85 1
31 31 1
71 71 0
46 46 0
68 68 0
29 29 1
75 75 0
14 14 0
32 32 1
90 90 1
27 27 1
59 59 1
30 30 1
8 8 1
61 61 1
42 42 1
77 77 1
60 60 1
21 21 1
40 40 1
100 81 184891
4 4 0
26 26 0
53 53 0
83 83 0
19 19 0
36 36 0
41 41 1
75 75 0
73 73 1
67 67 0
18 18 0
80 80 1
86 86 1
44 44 0
29 29 1
99 99 0
40 40 1
87 87 0
68 68 1
81 81 0
8 8 1
58 58 0
71 71 0
51 51 1
84 84 0
92 92 0
7 7 1
89 89 0
30 30 1
3 3 1
38 38 1
52 52 0
17 17 0
35 35 1
9 9 0
31 31 0
12 12 0
16 16 1
23 23 0
88 88 0
42 42 1
49 49 0
76 76 0
20 20 1
39 39 0
74 74 1
59 59 0
5 5 0
54 54 1
25 25 0
78 78 1
50 50 0
45 45 0
14 14 1
10 10 0
11 11 0
32 32 1
56 56 0
28 28 0
15 15 1
94 94 1
90 90 0
63 63 1
97 97 0
2 2 1
66 66 0
27 27 0
98 98 0
96 96 0
79 79 1
34 34 0
24 24 1
93 93 0
43 43 1
82 82 0
21 21 0
91 91 0
70 70 1
55 55 1
77 77 0
100 100 0
91 80 1738
39 39 1
83 83 0
45 45 0
20 20 0
82 82 0
17 17 0
28 28 1
1 1 1
86 86 1
52 52 0
89 89 1
22 22 1
71 71 1
62 62 1
53 53 1
23 23 1
35 35 1
49 49 1
65 65 0
70 70 1
7 7 1
19 19 1
61 61 1
9 9 0
4 4 0
15 15 0
18 18 1
57 57 0
76 76 0
6 6 0
32 32 0
59 59 1
44 44 0
13 13 0
74 74 0
42 42 1
85 85 1
87 87 0
88 88 0
64 64 0
29 29 1
68 68 0
46 46 1
5 5 1
25 25 1
47 47 0
2 2 0
90 90 0
37 37 1
56 56 1
8 8 0
26 26 0
69 69 1
50 50 0
77 77 0
91 91 1
66 66 1
84 84 1
63 63 1
10 10 1
48 48 1
75 75 1
27 27 1
30 30 0
34 34 1
11 11 1
58 58 1
60 60 0
36 36 1
43 43 0
3 3 1
40 40 0
41 41 0
51 51 0
33 33 1
14 14 0
78 78 0
67 67 0
73 73 1
80 80 0
96 75 1895545
14 14 0
78 78 0
4 4 0
44 44 0
15 15 0
90 90 0
92 92 0
36 36 0
73 73 0
84 84 1
88 88 0
64 64 1
55 55 0
53 53 1
43 43 1
13 13 0
18 18 1
77 77 0
27 27 1
75 75 0
19 19 0
8 8 1
72 72 1
22 22 0
23 23 1
93 93 0
54 54 0
74 74 1
37 37 0
66 66 0
68 68 0
48 48 1
24 24 1
11 11 0
25 25 0
41 41 1
12 12 1
51 51 1
71 71 1
45 45 0
40 40 1
29 29 0
30 30 1
31 31 1
70 70 1
81 81 1
65 65 0
52 52 1
63 63 0
94 94 0
17 17 0
5 5 0
32 32 1
87 87 0
95 95 0
26 26 1
1 1 1
50 50 1
38 38 1
16 16 0
57 57 0
89 89 0
58 58 0
59 59 1
33 33 0
28 28 0
85 85 0
76 76 1
39 39 1
9 9 0
79 79 0
20 20 1
7 7 1
82 82 1
42 42 1
99 19 174511877220447531
2 2 0
88 88 1
17 17 1
77 77 1
86 86 1
5 5 0
83 83 1
15 15 0
58 58 0
98 98 0
27 27 0
81 81 1
24 24 0
39 39 0
71 71 1
8 8 1
94 94 1
46 46 0
63 63 1
97 39 22187496200938632
82 82 1
10 10 0
66 66 1
58 58 1
67 67 1
72 72 0
36 36 1
39 39 0
7 7 0
2 2 0
22 22 0
60 60 1
77 77 1
78 78 1
75 75 1
90 90 0
43 43 1
42 42 1
80 80 0
23 23 1
19 19 0
47 47 1
31 31 0
73 73 1
94 94 1
69 69 1
21 21 0
20 20 0
70 70 1
5 5 0
64 64 0
92 92 0
76 76 0
48 48 1
56 56 1
46 46 0
4 4 0
68 68 0
3 3 1
95 50 29009654870854
72 72 1
54 54 1
65 65 0
16 16 0
59 59 1
26 26 0
30 30 1
62 62 1
87 87 0
1 1 0
73 73 0
32 32 0
67 67 1
53 53 1
21 21 1
68 68 1
3 3 0
69 69 1
78 78 0
45 45 0
85 85 0
27 27 0
82 82 0
56 56 0
70 70 1
63 63 0
41 41 1
88 88 1
18 18 0
24 24 0
60 60 0
13 13 1
40 40 0
17 17 0
2 2 1
75 75 0
14 14 0
35 35 0
43 43 1
25 25 1
46 46 0
22 22 1
95 95 0
74 74 1
29 29 0
61 61 1
81 81 0
89 89 0
58 58 0
92 92 1
97 51 41713784480814
86 86 0
82 82 1
29 29 0
53 53 1
75 75 1
27 27 0
95 95 1
59 59 0
6 6 1
34 34 1
94 94 0
77 77 0
52 52 0
81 81 1
15 15 1
21 21 1
19 19 0
48 48 0
44 44 0
50 50 0
5 5 1
88 88 1
62 62 1
26 26 0
61 61 0
72 72 1
45 45 1
79 79 0
25 25 0
85 85 0
91 91 1
24 24 1
38 38 1
37 37 1
90 90 1
69 69 0
12 12 0
20 20 0
93 93 0
28 28 0
57 57 0
10 10 1
9 9 0
68 68 0
89 89 0
92 92 0
58 58 0
56 56 1
55 55 0
35 35 1
36 36 0
93 82 1443
32 32 1
43 43 0
64 64 1
87 87 0
65 65 0
61 61 1
91 91 0
78 78 0
59 59 1
15 15 1
83 83 1
67 67 0
81 81 0
73 73 0
10 10 1
72 72 1
19 19 0
36 36 0
7 7 1
1 1 1
9 9 1
42 42 1
44 44 0
58 58 0
35 35 0
25 25 0
57 57 1
28 28 1
11 11 0
48 48 1
8 8 1
17 17 1
62 62 0
39 39 0
55 55 1
74 74 0
24 24 1
84 84 0
6 6 1
4 4 1
40 40 1
34 34 0
41 41 1
60 60 0
63 63 1
85 85 1
5 5 1
75 75 1
56 56 0
86 86 0
33 33 1
80 80 0
37 37 1
66 66 1
90 90 0
71 71 1
88 88 0
14 14 1
23 23 0
46 46 0
93 93 0
22 22 1
68 68 1
53 53 1
52 52 0
92 92 1
89 89 0
26 26 0
20 20 0
3 3 0
77 77 0
12 12 0
13 13 0
76 76 0
21 21 1
50 50 0
18 18 0
79 79 0
30 30 1
38 38 1
70 70 0
2 2 0
91 47 9699331203786
80 80 1
51 51 0
47 47 1
87 87 1
30 30 1
37 37 0
54 54 1
82 82 1
5 5 1
13 13 0
69 69 1
89 89 1
18 18 1
44 44 0
4 4 1
91 91 0
84 84 0
50 50 1
73 73 0
32 32 1
59 59 1
61 61 0
10 10 0
63 63 1
40 40 0
66 66 1
8 8 1
26 26 1
77 77 1
29 29 0
58 58 0
3 3 1
36 36 0
35 35 0
86 86 0
19 19 1
45 45 0
2 2 0
23 23 0
46 46 1
21 21 0
42 42 1
57 57 0
38 38 1
33 33 1
15 15 0
12 12 0
92 7 476325795506737593
60 60 1
65 65 0
67 67 0
52 52 1
54 54 0
3 3 1
8 8 1
94 94 1
4 4 1
38 38 1
67 67 1
71 71 1
19 19 1
81 81 1
90 90 0
2 2 0
52 52 1
36 36 1
46 46 1
58 58 1
33 33 1
35 35 1
32 32 1
48 48 0
91 91 1
54 54 1
50 50 1
40 40 1
44 44 1
43 43 0
85 85 0
30 30 1
6 6 1
17 17 0
66 66 1
94 94 0
47 47 0
7 7 1
73 73 1
55 55 0
10 10 0
79 79 0
18 18 0
13 13 0
41 41 0
11 11 1
89 89 1
64 64 1
60 60 0
88 88 0
39 39 0
42 42 1
9 9 0
27 27 1
78 78 0
72 72 0
75 75 0
45 45 0
53 53 0
16 16 0
49 49 0
62 62 1
87 87 1
20 20 0
76 76 1
83 83 1
63 63 1
93 93 1
69 69 0
77 77 0
84 84 1
29 29 0
70 70 1
31 31 1
21 21 1
82 82 0
56 56 1
25 25 1
12 12 0
51 51 1
23 23 1
74 74 0
1 1 1
14 14 0
28 28 0
26 26 1
61 61 0
68 68 0
80 80 0
5 5 0
57 57 1
34 34 0
37 37 1
59 59 0
15 15 0
65 65 0
3 3 0
22 22 1
92 92 1
8 8 0
24 24 1
86 86 0
96 81 24134
95 95 0
71 71 0
70 70 0
15 15 0
92 92 0
29 29 0
57 57 0
56 56 1
58 58 1
90 90 1
47 47 1
66 66 1
82 82 0
63 63 0
34 34 0
80 80 1
67 67 0
91 91 0
6 6 1
45 45 1
77 77 0
24 24 1
21 21 0
38 38 1
54 54 0
74 74 1
4 4 1
96 96 0
3 3 1
85 85 1
20 20 0
26 26 0
27 27 1
12 12 1
69 69 0
35 35 1
52 52 1
46 46 0
60 60 0
59 59 0
19 19 0
43 43 1
78 78 0
75 75 0
13 13 0
1 1 0
53 53 0
76 76 0
65 65 1
72 72 1
25 25 0
49 49 1
40 40 1
50 50 1
41 41 1
86 86 1
83 83 0
73 73 1
61 61 1
51 51 0
11 11 0
30 30 1
2 2 1
10 10 0
93 93 0
22 22 1
42 42 1
44 44 0
36 36 0
68 68 1
87 87 0
7 7 0
5 5 1
89 89 1
16 16 0
8 8 0
23 23 0
81 81 0
84 84 1
94 94 1
33 33 1
100 100 1
1 1 0
2 2 1
3 3 1
4 4 1
5 5 1
6 6 0
7 7 0
8 8 1
9 9 0
10 10 1
11 11 0
12 12 0
13 13 1
14 14 1
15 15 0
16 16 1
17 17 1
18 18 0
19 19 1
20 20 0
21 21 1
22 22 1
23 23 1
24 24 0
25 25 1
26 26 0
27 27 0
28 28 1
29 29 0
30 30 1
31 31 0
32 32 1
33 33 0
34 34 0
35 35 0
36 36 0
37 37 0
38 38 1
39 39 1
40 40 1
41 41 1
42 42 1
43 43 0
44 44 1
45 45 1
46 46 1
47 47 0
48 48 1
49 49 0
50 50 0
51 51 0
52 52 1
53 53 1
54 54 0
55 55 0
56 56 1
57 57 1
58 58 0
59 59 1
60 60 1
61 61 0
62 62 1
63 63 0
64 64 0
65 65 0
66 66 0
67 67 1
68 68 1
69 69 0
70 70 1
71 71 0
72 72 0
73 73 1
74 74 1
75 75 0
76 76 0
77 77 0
78 78 1
79 79 0
80 80 1
81 81 1
82 82 1
83 83 0
84 84 1
85 85 0
86 86 1
87 87 0
88 88 0
89 89 1
90 90 1
91 91 1
92 92 1
93 93 0
94 94 1
95 95 1
96 96 0
97 97 1
98 98 1
99 99 0
100 100 1
100 47 3954160492767907
36 36 1
40 40 0
39 39 0
10 10 1
66 66 0
81 81 0
18 18 1
31 31 1
80 80 1
83 83 1
50 50 1
58 58 0
77 77 1
8 8 1
62 62 0
6 6 0
82 82 0
3 3 0
52 52 1
20 20 0
76 76 0
68 68 0
54 54 1
87 87 1
79 79 0
48 48 1
22 22 0
43 43 0
27 27 0
15 15 0
34 34 0
60 60 1
9 9 0
42 42 1
93 93 1
30 30 0
35 35 1
17 17 1
13 13 0
29 29 0
33 33 1
37 37 0
23 23 1
16 16 0
92 92 0
85 85 0
69 69 0
98 40 107499951902379388
74 74 1
61 61 1
54 54 1
35 35 0
58 58 1
68 68 1
16 16 1
39 39 0
19 19 1
89 89 1
15 15 1
49 49 1
60 60 0
53 53 1
78 78 1
37 37 0
72 72 0
56 56 0
84 84 1
44 44 1
55 55 1
86 86 0
28 28 1
66 66 1
36 36 0
12 12 0
41 41 0
7 7 0
8 8 1
52 52 1
94 94 1
42 42 1
97 97 0
87 87 0
88 88 0
62 62 0
26 26 1
76 76 1
27 27 0
98 98 0
93 67 7812362
25 25 0
74 74 0
5 5 1
27 27 1
24 24 0
47 47 0
49 49 1
37 37 0
61 61 1
67 67 1
17 17 1
90 90 0
29 29 1
10 10 0
84 84 0
87 87 1
18 18 1
54 54 0
71 71 0
20 20 0
79 79 1
44 44 0
69 69 1
50 50 1
40 40 1
41 41 0
43 43 1
28 28 1
70 70 1
93 93 1
52 52 1
14 14 0
34 34 0
48 48 0
9 9 0
26 26 1
72 72 1
53 53 0
42 42 1
21 21 0
78 78 0
66 66 0
33 33 1
15 15 0
1 1 1
58 58 0
77 77 1
4 4 0
32 32 1
35 35 1
59 59 0
81 81 0
86 86 1
75 75 1
19 19 1
23 23 0
55 55 0
8 8 0
64 64 0
45 45 1
13 13 1
62 62 1
92 92 0
91 91 0
46 46 1
31 31 0
76 76 1
99 62 55029710380
71 71 0
78 78 0
2 2 1
46 46 0
51 51 1
31 31 1
83 83 1
12 12 0
57 57 1
1 1 0
61 61 0
73 73 1
23 23 0
65 65 0
89 89 1
11 11 1
54 54 0
39 39 0
66 66 1
43 43 0
16 16 1
85 85 1
15 15 0
33 33 1
17 17 1
36 36 0
96 96 0
40 40 0
74 74 1
58 58 1
8 8 1
48 48 1
44 44 1
67 67 1
79 79 0
84 84 1
19 19 1
94 94 0
10 10 1
62 62 1
76 76 0
86 86 1
97 97 1
20 20 0
6 6 0
69 69 0
13 13 0
49 49 1
42 42 1
37 37 0
98 98 0
45 45 0
4 4 0
60 60 0
59 59 1
70 70 0
80 80 1
7 7 0
90 90 1
47 47 0
88 88 0
91 91 1
93 81 3609
58 58 0
91 91 0
30 30 0
27 27 0
73 73 1
26 26 1
49 49 1
40 40 1
76 76 1
68 68 0
32 32 0
63 63 0
46 46 0
33 33 0
23 23 0
18 18 1
15 15 1
93 93 0
38 38 1
19 19 1
50 50 0
47 47 1
69 69 1
59 59 0
13 13 1
34 34 0
65 65 1
5 5 1
89 89 0
82 82 1
10 10 0
66 66 1
64 64 1
72 72 1
42 42 0
88 88 1
81 81 0
16 16 1
62 62 0
86 86 0
83 83 1
43 43 0
55 55 0
6 6 1
60 60 1
70 70 1
36 36 1
85 85 0
77 77 1
44 44 0
8 8 1
31 31 1
57 57 0
87 87 1
51 51 0
9 9 0
14 14 1
39 39 1
35 35 1
53 53 1
61 61 0
56 56 0
21 21 1
24 24 0
45 45 0
48 48 0
22 22 0
28 28 0
7 7 1
71 71 1
74 74 1
80 80 0
84 84 0
20 20 0
75 75 1
92 92 0
1 1 1
79 79 1
12 12 0
11 11 1
2 2 1
