100
138070 138071
1 2
28 466544
111886 321742
258486 353668
867 788083
21 318014
750155 750160
111467 838306
77776 77777
40643 40650
446 867216
632 673877
220645 774088
223135 857086
706751 706760
663 533321
2 3
1428 58322
810155 810163
85 455763
517 303288
565622 823517
137848 137856
58443 58445
115 334637
173084 477443
637 600450
183 508506
403 544886
608 577617
483472 717157
655 268338
312 368742
862 228070
141 856227
843 483538
23 638801
204 277525
547 585518
207847 627386
238 130812
364225 653444
16 26
158 325687
661 455488
145 883735
662 132553
532673 532675
262 748267
542 650542
357611 878303
832214 832222
150115 150122
273210 273211
411 125052
1 1000000
155 518224
588 624308
557 833353
310737 855813
53083 53084
445 100388
172 525837
252268 865707
848248 848255
241224 354444
36641 36645
88 102
318 122833
316447 316448
364 114370
265 374632
571 478363
142556 424635
436 818177
735 517534
651505 685360
560 175308
817 445276
470 241130
367316 367324
233 530104
246 102377
801055 801057
413 607153
71 433834
2 341756
174785 174786
553056 676261
572 773286
47256 47263
370272 373650
666178 835412
666271 666278
154 642333
776 425113
260 164415
826 158180
87 367611
