100
741 452818
153818 553786
328 485867
644 357567
107 500531
541 155446
235 873068
185 270516
377747 377755
114204 130865
866 528447
140264 837731
277507 277516
408666 482765
86 177061
766 547738
55450 327262
735 605231
88 102
821 362513
724454 724460
318758 318765
54578 54580
268 384833
667 608035
255543 678818
760 730481
646 267311
655 724118
353 522547
544276 660613
620330 762810
862831 862835
268436 351237
802716 802722
120 434327
174 834842
732277 864088
82 177180
25 868515
811604 811607
557 604502
243457 671461
55 167527
811 410554
341 171350
507 530023
654 225580
580 700381
278351 278358
336345 545161
532 252008
16 26
273362 273368
447172 447182
55810 567068
761825 761830
377651 377653
465 631426
208 341446
37 733074
500142 500145
772 105828
620724 873663
464258 464266
671 220508
240032 341067
65770 247724
650 340356
70 702384
362 146528
857 525675
432736 432741
384412 384416
377 825360
577 686040
124 438247
1 1000000
5865 535426
854 454445
340157 743168
24450 52647
343 803800
77776 77777
205132 205141
440183 787384
143 358373
23281 23284
764 440337
705066 705074
24 565861
436 465635
383 884846
481 628035
77 513776
340 277568
2 3
406 637645
1 2
32 276430
