100
3 2
1 4 1 1 0 11
4 1 1 1 8 11
2 5 0 0 0 11
4 1 0 0 0 11
991 971
809318103 7572026 474371644 583669813 38994759 91667827
4406619 6411247 7053763 3842591 4912988 1661992
945235513 263551171 546786395 519679644 329211816 767102111
8125207 9320496 5550930 7350248 472783 4035119
965 998
632156561 476529854 426678024 616237676 880188602 768584253
402880 5336552 7508091 6600308 1782348 6389349
329822817 645697205 27630233 510252911 454963916 656195036
7288404 6106194 4539980 140834 7683796 5028680
960 984
291669135 578992914 682386206 424688037 823961347 72528044
748520266 881498593 12478782 643718718 482824510 325837976
526996421 680630673 554293396 577874309 613873597 828717215
501154497 868619146 740571806 47298493 102458963 230161359
990 958
495281615 19909109 491453027 852994558 515553141 682152797
5701417 4500719 1566505 2398446 612295 2506539
331570593 323032466 135265602 254309077 824003486 874018924
9833216 2814159 8307788 5900727 6743307 2009864
967 977
883704773 134646132 261100603 4478943 41037259 975845724
7840417 7706700 3984565 1233245 8659397 1128957
51036255 878332433 135985217 604056677 486179564 294639704
8507016 8593033 2556210 9147648 7798659 228681
982 981
633224641 73164385 459552536 466676273 98926349 32480252
6797794 7268669 7524725 2046891 2318759 8299228
286137766 380468167 180873556 185973650 166672695 940254459
6865241 4253451 924400 9823533 6132393 2736127
973 989
795011642 558916105 507653996 34515410 531589067 243377180
437502398 796249267 780686721 369608372 912629702 268882256
412018234 319164100 125584854 13967715 817820955 288570406
515558072 92059464 925517618 374981368 156145274 210402526
983 953
819462636 311290051 441925498 50054507 494339088 691920075
48420823 623955852 673073 112451937 56841560 513648180
574292901 242418801 484440957 336137647 992305891 384103532
924452157 324964911 909958269 963177797 834924568 19603485
984 995
201286411 224087238 215680654 14911464 617332891 5824830
910610677 215237405 283997906 85826736 49386028 927096662
560639382 810894569 312939854 189693588 59341831 588780841
582280020 215877518 655838926 610935616 774647807 667792827
980 968
240151364 973303852 849602044 420827172 647953980 652960796
599924 8467758 363212 6022699 8930564 5544606
334088223 674316457 93329008 707663698 365032507 369798003
3958840 1804028 1514746 9009222 8318453 4645623
950 975
204703015 56871233 431785234 30060129 640237547 96711088
411758662 660101590 246519008 408171851 410685022 479472025
694587465 75477522 590045262 863974709 207715492 825198963
224468266 32130188 122596902 179280751 563950894 167579385
958 962
699174439 111158139 144829526 218138462 574269098 556279105
508045598 938238953 734337547 559417185 733822096 334652362
377297186 906735050 554513990 106527178 107580846 871876936
324739730 301947071 114618938 245019675 501779231 194423255
975 960
895929598 240004844 312803339 824417637 815008404 651259295
306073235 240140705 864577493 589378958 489961207 919631721
607080548 458514358 767062887 837638686 375716398 283843188
477182066 867071275 554223280 376084264 788500992 104703352
975 982
456195858 903521908 994934440 460204357 736275784 209331874
1660649 4994730 3467126 9306751 6981204 6244174
215114158 917016834 914975863 931555241 667976316 420822732
6680895 6588435 5573458 6729158 2151867 8954524
985 986
420011051 802930427 294253943 300314746 251365634 880583901
435459026 202566304 679154957 289073087 759711593 971160791
737547981 693366633 821774436 323179310 262426849 892643843
696484608 558741971 349914731 494964088 346160596 754666320
972 986
272246472 921183363 958938246 965105134 845995040 973574814
1996049 1301601 9671008 1001557 5597429 608923
130688754 407844992 735649620 230715681 427683757 159759530
8829976 4834792 3170111 6761966 831831 8377195
961 958
504529194 651227221 193564662 687365098 445171901 254707068
5793715 6270313 4219678 8898181 8049406 5603834
234962142 865122198 430997665 323701109 296777913 638823657
1798065 4361058 7474482 8861031 6825343 93166
957 955
150244562 517622783 645238954 145647634 847234301 355495797
6736766 9651056 1659769 4765865 4519581 3404482
613724130 317499769 682779459 914662223 408736668 608258061
451434 879651 2871307 3810113 6458083 6069956
982 952
749413334 610512547 395909820 619956380 466600011 229400449
719990520 437580782 25003684 114505961 556562646 932759315
211158067 867527672 849852099 762345200 631299478 78710516
206364772 289825658 345940171 56280849 71653207 733229006
965 969
140778580 67096750 543391412 785286060 686131323 445508221
6697869 8972348 9575943 9742139 2020567 8970144
886134218 207351548 353207705 842277034 30864502 195571199
256511 528077 1351824 9636734 453881 5174678
1000 954
8711880 722748558 498271820 271017262 240016366 176002764
844096003 604060816 517223214 661805011 288151256 105121095
695152205 739088743 782636231 290988403 469440271 169863439
421029144 834361811 221258383 204581578 328761340 445123804
990 997
45343168 324732846 44113602 408747976 901826805 816209574
4445813 1666963 6777125 2715206 4761395 3618113
590092494 159793601 366831994 90986445 424723441 562809016
4401750 1795230 800883 7848277 4670156 2460678
985 991
399669764 901137102 944325717 209006713 983821887 685786058
663750114 553880783 433720281 226736116 318589612 803027423
63260276 307384925 895715658 693323715 674218299 345328905
304836024 268907559 724594936 540546216 100677414 111887130
956 952
594715641 885127840 954010679 819499762 848542030 451621195
3493643 835198 2088382 754034 436672 8878586
63256201 743788089 584362 980375328 733456493 966395073
5268928 3321834 881156 8672398 362810 7160577
995 960
7231 7802 5334 2853 4517 4018
11 12 77 91 70 34
4558 5481 9763 4096 5966 3232
18 77 9 65 54 97
996 968
148503668 318717942 972242836 12609598 879220000 810466429
1271318 3218499 9169398 8729147 2905890 4511677
98036329 500168045 662593350 848651620 380667248 243625344
596371 9308273 707971 1296122 2474773 8362492
970 973
661111244 789570288 619767343 863598120 43565695 733952770
1169798 3244511 7888158 7120142 3069938 1121466
516162266 755329958 821547367 553555513 692237599 971106155
2243675 5965222 6668193 6069473 2003950 6078295
995 993
160814431 544066513 30702686 508953517 447459617 645796431
5943686 168501 6923340 6062223 8308889 1294888
943715629 394418355 816016823 488334251 319957880 757362842
1015747 4314678 2320352 127826 9565239 1231505
991 966
926208775 830377385 1625416 508319004 92709442 22614307
195007201 731183395 760008243 184742708 177174772 891026547
12052532 280536982 168976933 561772713 774502371 898325931
821973277 210402381 240964314 209271063 154159861 221052430
987 961
327638188 840354791 142423091 439007568 568406530 565244124
790090521 998716435 312502137 309569969 16607125 185780017
736136310 589836351 464633779 113062841 325675644 890060586
720514091 84593518 367436150 939269743 805932809 287335633
1000 1000
1000000 2000000 1 0 999999 1000000000
500000 501000 1 0 1999 1853081
50216 514 7 445 6737 998500201
36336 33663 63 36 33 1787783
970 957
986241410 661524797 332055919 374139367 876436054 746661047
65050328 505636663 434857824 207871513 935798926 424576092
268523081 320946727 608168428 981945716 319540989 699638775
774552510 399042235 30666097 38707035 288835670 417063308
971 967
355405990 177464216 5823159 39879598 612524521 182360190
518293848 248231996 390567185 381647175 347401368 940694362
465709152 20744349 727971763 743094191 299866501 26723639
505718909 543618045 203046449 972932329 857776794 765498825
1000 1000
1 2 1 0 0 1001
1000 999 1 0 998 1000
1 2 1 0 0 1001
1001 1001 0 0 1000 1001
978 990
206755090 139904569 138302199 399285272 118626309 493570196
95097782 254412339 814347445 110551003 262937292 111899144
784376139 772259883 647365996 92413924 675195286 405035088
771121198 702188046 244170897 640152837 951588193 431176042
959 995
993286094 683878562 716309214 533242864 573357480 959600507
340630644 489718641 104216512 360438503 480249250 337196976
907300374 788039340 703498218 541993756 933964757 518120398
383523737 465303325 446844724 634130320 471570396 664893530
972 995
6733 192 7470 5357 5025 8470
93 67 58 50 27 32
7188 8620 6385 2474 9658 9978
73 60 9 1 81 4
955 963
402631068 278498516 568770197 950649394 54603670 901100021
7709212 844218 8868011 4370662 4970040 7464954
303597361 686581979 226017872 213936990 848809182 403546417
1681783 8621233 6330730 2620366 4928118 9180309
981 981
997588252 732903568 863784915 346796426 270757364 889571150
6795429 114339 3689175 5153991 5803687 1877424
300908949 134889956 916421553 822222353 25647566 679128214
1722689 3773290 161689 5913440 5796596 4550088
996 979
447544001 258581491 80292966 213206069 810421639 959703721
515316770 497585842 8295591 503048150 897465236 539028656
205526897 559700686 269129032 204762066 775070746 569575250
677916338 188317830 334028758 156848734 481580558 508173777
957 1000
431509884 124231043 466973669 181545944 639493258 182717536
659727583 116821236 193224312 71890362 996920745 390177268
831438495 360911161 462080122 899452942 117043793 841938389
242299700 673326117 590834202 522451302 119165682 285276749
979 961
651998639 81363262 173071167 771275680 306728597 764641854
58569139 625492556 479406795 838727585 458031732 917173344
944501458 614536447 559804571 320573852 680018040 692289730
98750087 298433743 788663763 25387075 812945902 821260170
1000 1000
743572698 221339227 106698784 618591795 475447684 544660860
814714870 900627605 633322325 649700198 513441185 940608095
743572698 221339227 106698784 618591795 475447684 544660860
814714870 900627605 633322325 649700198 513441185 940608095
1000 979
763824643 554149772 77617845 870084550 759277529 387047477
881132696 742031296 92112712 232709553 907825104 179282827
201711301 375591128 953608550 294803981 894966824 259644089
378120977 711790846 820437172 547808539 825721946 181441524
976 994
306711807 576652620 685844617 571141378 394505016 182335578
4181562 5356567 4394726 8676593 7412924 5648577
390913404 698866687 854823791 552243480 898700829 251935176
6568169 9307349 6500538 3618580 6972619 1127314
962 996
143605407 221571878 98877901 732436670 67253728 133650600
818462 5693956 4418966 3014319 3267003 2813167
930646440 620604942 177098007 120832953 970883178 181315398
7603840 3428035 4867946 9670224 1677881 996478
969 972
902646266 639701137 112212407 132107119 78679392 380393946
8353656 4568313 9845948 2139276 9841062 4493911
710066602 543842378 451134649 19761196 926538940 726536730
5111998 2704590 6303471 2658128 4819883 4137153
960 986
338508087 930604173 572214264 264659832 557506846 953199544
37703895 718190991 685703122 312454730 642255553 923740395
668949698 142119897 376501475 974626758 39766359 916643207
979789903 794089326 445667219 675530008 618724497 202480646
980 956
605441901 962839539 38157337 433904927 487333831 676652711
627181769 613727032 176415023 104853352 879895874 355342966
580940979 869164070 314222208 718147704 219275232 409188557
964420189 442292217 797306235 381700525 259291133 689980044
971 989
866546097 400397638 806064533 860372286 914518322 384127328
2221958 4735791 197040 801685 7881395 1317705
575415937 9395345 684427436 410132324 125860165 709377782
6631649 8960587 6602210 9088444 1641266 5788740
979 953
709101429 46637627 288616817 674433328 622925433 51822977
2876946 1533617 5877467 8867247 2118130 6990282
184290228 628402266 506027737 372706037 507655089 82376325
3821134 649821 1701875 712146 6817683 4745245
1000 1000
10 20 1 0 9 100005
10 10 0 0 9 100005
12345 54321 2 3 4 10243
3 10 7 9 4 17
979 978
717293266 959763848 952100432 716492187 311419325 952032459
365003 3101273 2237358 3639512 2811294 8082446
399903234 674704671 373540082 700927134 425351906 902229913
3904795 6050587 1529689 8702698 4239490 3207528
975 983
974855400 50429531 829493655 748475461 354713732 721158063
5516156 5768293 1120588 3947789 8501607 8177599
744878716 629999290 144078422 570152682 227100450 780360877
4633834 2988435 3440745 7263722 2315497 1104137
952 966
79949821 869240276 633520431 592573760 439358449 166969659
5268467 8798673 6685369 3218579 3467606 6939034
635278600 303684241 843590739 589544232 893358449 347513708
2615837 9113409 3294710 757991 5364139 3894497
1000 991
345322926 269746586 252297227 409238787 635587097 134057207
593179 6614154 137911 8530968 9383112 2878921
322711927 459517194 731853025 315211637 298728436 23886114
5660531 9149943 2508869 9879060 4770521 75723
957 998
927305714 433089836 27837019 831341300 342660733 632776349
8823743 3824076 1130127 4962119 4495299 6855205
104741618 530162774 402253443 444802338 204659805 413577625
4036790 4984834 2740548 4729428 1131934 1894943
1000 1000
188671750 5708577 297641350 284844711 574271738 118086714
824593863 763707677 57007738 574732177 589541644 542020106
860061359 450568462 0 0 112453428 80242274
816084777 297218673 543278702 987023758 336783214 821418020
962 995
305076103 366660808 389990896 210676454 552588004 688719847
951705753 255628580 365094547 770197382 297211608 523234803
516876147 524761646 769695653 389199385 946320785 632895177
273677060 10659799 638798369 912419876 920290830 607948831
970 969
30030896 981458690 475409093 175303873 322354440 327954898
2040678 6977739 4780845 9660818 9277195 4962723
841450383 180471801 882441156 54190729 438176800 203682605
8125215 3009403 228134 6326794 3572231 5194882
995 966
999073869 480437443 581754538 324914183 781613643 863130335
479471260 738288253 885743706 837474031 238841961 182291111
325880832 678430223 283452438 562458878 927375003 231394884
16865654 420877017 268536704 518975296 342898526 2947161
990 976
76759000 38670767 266882257 953091504 256664573 986597687
610357736 561050286 732632634 578453339 287891472 406988248
608247216 254479225 307572729 972186743 83647021 973588263
939778655 691974674 988433907 819563757 949520355 569827883
963 997
846861162 121198663 454470262 510462196 283704239 178740584
3192896 109843 7825088 7594963 3117783 3821300
214106487 579587935 247994537 249570801 401213757 373843268
4044914 6440783 4260806 8979585 8491176 5030666
984 980
623227044 614866385 369085591 120004718 177076562 998026522
3951564 8551723 8774943 7893765 4644225 6102810
203009659 111481151 347500625 777593437 278207338 989728991
4386886 8301049 224870 4917666 5621132 9397561
988 958
554157189 558830770 32762587 487298384 114047196 860265670
2840092 1082659 8814019 5417063 5807843 2170333
430884926 56939131 630722596 225935170 888489408 574069051
3865908 830829 7210297 2715872 41576 604309
982 955
418172965 333535495 507876253 570676458 325921926 13125666
7202181 2172730 6279103 5074453 1885560 4716876
814098580 170333077 599510420 702670521 959397510 446020672
2256650 8132032 1342901 9115903 9739798 2729717
989 978
89830116 182918720 128103357 190678733 316056829 570219304
14015 2522051 1073431 6486314 6023761 5591384
419548954 131898501 748857489 237594190 971040892 953803396
6543426 6005192 7998746 4945787 6803304 2912812
2 1000
99999 1 0 0 0 999
99998 2 0 0 0 999
1 2 3 4 5 131071
2 3 4 5 6 262145
982 956
520247345 359289651 115102604 252227724 725240976 914581284
4432396 1044117 5495651 6241260 8902331 8863689
342052804 700386687 890706563 602119724 464523909 102335490
6416096 164549 3077848 1952307 5146696 8384533
989 963
845754075 828682866 854121949 635332 664324920 328578919
13004023 231748786 560186800 181262728 275589743 683267836
664159226 776170521 543322616 465385094 972035428 344315803
844301313 307276420 725891101 603500585 851927789 984175027
955 955
351891492 739218902 780108911 496088596 506017823 45017016
7775146 782392 4278099 9094277 6161444 4270030
408016926 885609858 204144935 862875370 920121489 323005874
1033194 9825738 2224938 8473358 1406663 4192002
960 959
3307 4952 9952 4472 909 9245
100 14 86 12 67 36
7629 7084 561 1967 6529 9859
73 56 1 38 52 69
1000 1000
97757432 84110822 628897545 693463948 957914468 825089773
763685683 864317279 879535309 735020961 839663565 817816847
97757432 84110822 628897545 693463948 957914468 825089773
486279783 481768911 418706674 945199424 556237449 966152713
999 952
351545141 455407225 325907341 33801311 800725424 383975423
486793140 342513749 573852282 387475872 725352506 500649976
961102414 723131558 620995924 837811508 312391156 862893913
207221496 76868922 594046195 53066883 686936282 981073126
962 959
337912457 317033986 964458629 813683938 772822668 320542839
9890914 760399 2197561 5030430 2692856 2127423
256385327 272731046 522043350 452244983 854680280 796654641
2263536 2647045 2638719 6108326 3844228 5002667
997 958
564278562 581643611 244480057 150337953 481813339 438722257
313784151 159357577 179830506 763004534 67112377 81148222
82358336 645398375 959560930 496517743 402945415 785042309
808954818 105831234 983955203 593435136 71373511 730699660
991 974
650339206 528083742 377081053 797138659 609830000 184807256
134061706 353307849 591921204 682647944 83303336 786915315
220908851 16541625 847996203 707598379 768337539 150033513
77833676 316843409 727781163 777180192 781180776 352053414
981 964
585085169 955089359 262374248 560440643 523651279 886604017
128163628 510703232 131426059 882136736 475504852 71563612
804840987 638044839 798258709 639226538 64131568 530858174
87506794 414753713 602167983 510251719 501240934 161234233
962 994
417594226 754703166 598539684 850825279 208946724 892591688
910069547 949746295 821899719 415485189 671472893 329111992
151880993 84054781 808510640 113703976 196997153 884069874
828130572 883555131 768960449 57098681 403058928 918933385
952 993
699135752 878700537 362773183 643313882 405322162 952434114
1274426 9571007 6320993 2800827 729737 7712481
625341760 244760353 408844451 814841764 520317840 914496402
542323 6338625 4175361 4030309 6820567 2283690
993 953
539103216 245642444 616704239 624746957 592268701 922893252
7369479 5183873 6749572 5294116 3972979 6486207
279080842 855469231 709740291 430119934 655004546 682844395
10934 4525629 7386034 4897157 7910756 1522138
990 975
871436530 610649485 271540848 799649607 462198826 449858553
7755441 545321 3633721 5150969 8836705 6720156
934322577 158380240 313888092 65968959 160643556 822768643
4019456 2532414 5413855 8317114 2402494 2864062
996 986
340298452 958661125 456702127 28901190 13301745 23589624
9635631 2710487 330508 9261800 5776925 6569427
545947051 112765436 761049204 41358567 655846831 491506979
90750 1185027 7447403 149192 7594282 3430344
990 960
508030415 173887176 101742726 734266843 653519001 299467453
532585578 590109342 43907111 803578941 18495676 519132952
699179476 40911118 6151743 322551491 567056914 881998261
219318027 161705104 304701593 324026254 191581060 867243379
960 999
144045342 613833701 698951052 700256769 897302439 670814904
2795130 8331706 1752265 4574019 3709451 9418351
690624193 356897540 234751684 532462658 317960734 504191410
3523077 5669886 4133857 3386285 460970 7880134
985 987
828634673 633201480 632450733 690185608 683152861 144142090
5971137 304548 8352797 4453724 8245673 8390513
8764797 333305862 673694803 988697068 994011697 56409609
2978737 8521996 9901135 2470810 5688818 3269812
990 969
383183120 298690182 773128317 751887415 218045319 709061122
9986727 4741721 3698361 342607 3574404 7809627
179278831 366838301 48422837 67320157 967472327 191802031
8569861 3675966 4248447 8151212 2931905 4491370
971 989
399332286 468250776 381851203 230753250 403679189 241962536
3941613 5070653 6224762 903875 602324 8157446
116925538 365734038 697861631 785751453 929996793 661700939
3784335 9524786 5241135 9234162 9094078 1223481
992 983
670074208 518885173 25144960 965004207 5044799 613754855
9083665 3624545 7294486 2817835 4641942 1128457
726396714 99623883 927350603 295000848 516396647 577959006
426369 5449488 3749044 8098004 5061431 8962731
955 956
746631718 971638518 948585769 730922663 423343243 781008749
6699759 4814859 7954848 48100 8505511 4377729
197580539 970869233 667333319 818193290 196949760 746531682
3521278 6614128 9425064 9066126 6351131 1099159
958 983
116169707 464985639 698921151 455176572 723247674 172091631
2623709 5795354 5424813 9470578 7450269 7630042
570504329 387533454 246919312 56578080 911545727 586877336
2992402 5331648 1381964 7191653 9558640 6788752
950 983
184286780 781598376 642849173 775722613 965489566 398651419
6656534 6285550 7672279 9765581 7347012 6774234
607811684 955030149 641111736 159981112 78921636 61121409
432463 7688582 3448331 7535436 4767862 3228530
969 967
968474256 698429002 285404385 602260904 546989101 154564531
452447235 210994596 531064347 886508588 99382099 120118178
331119514 718727301 999939365 395782136 368564976 642891569
987370031 512912158 734381807 595170349 683765173 880963227
968 953
830435544 259600116 357754239 152335603 751370465 100666686
1771824 8998677 9949923 2102695 9103429 3353420
654460743 481918642 554216301 82094985 22783653 493420675
9118206 718845 4916557 2122081 7908201 2797546
987 954
538307744 58558362 579571641 585732233 647141186 641403938
611727863 820213395 836044819 589043788 339163647 896865340
610359127 800193422 430812473 233902337 817846204 518945405
27847055 487685274 228457184 296915602 510333965 95782081
968 991
957290998 107073897 610264581 465591083 280433919 717071789
6919477 4166169 6673429 5954747 1420224 3911444
80567473 430607264 307281950 824957361 929295361 771506629
6515197 7107982 915900 8510691 9161701 1395646
950 959
860033587 399886540 187760371 450083548 939588388 166918817
349376699 823850880 52412292 905695447 678037632 160492582
820730500 659435167 790980145 463665595 335624422 301340948
202189165 498681533 56549848 792525515 574348402 520100008
967 994
150049397 730722922 632338557 896952438 101769285 83039910
18648219 341723087 579830415 566660604 792510462 707608775
225061704 30894281 325312106 14445387 77389913 589976997
803583836 850939906 55124645 396822855 226340069 795465000
997 951
616990810 387694984 27375685 727569988 814371768 209255223
736604497 812317118 937668578 608399221 544756002 984965091
454154427 432232809 956553234 910350700 864516881 184141665
493959702 200477745 104866971 758677047 322930737 979454099
