100
5
1 2
2 3
2 4
3 4
3 5
3
1 2
1 3
2 3
4
1 2
1 3
1 4
2 4
11
1 2
2 3
2 4
2 5
3 8
4 8
5 6
5 7
6 9
7 10
7 11
23
1 2
1 3
1 4
1 7
2 5
2 6
2 13
3 11
3 19
5 8
5 10
5 12
5 17
6 19
7 9
7 15
7 21
12 14
12 16
12 20
14 18
18 23
20 22
30
1 2
1 7
1 13
1 16
2 3
2 5
2 15
3 4
3 6
3 30
4 26
5 19
6 9
6 11
6 18
7 8
7 19
7 20
7 25
8 10
9 24
11 12
12 14
13 21
14 17
14 28
16 27
18 29
19 22
22 23
27
1 2
1 3
1 9
1 15
1 22
3 4
3 5
3 12
5 6
5 7
5 24
6 14
6 20
7 8
7 10
7 27
8 13
9 21
10 11
10 15
10 23
12 16
13 17
14 19
15 26
16 18
22 25
26
1 2
1 3
1 4
1 18
2 9
2 11
3 5
3 12
3 13
5 6
6 7
6 24
6 25
7 8
7 10
10 23
12 15
12 25
13 14
13 19
14 16
16 17
18 20
18 26
20 21
20 22
29
1 2
1 3
1 5
1 7
1 8
2 4
2 9
4 15
5 6
5 10
5 20
6 11
8 26
9 14
9 18
10 12
11 13
11 16
12 21
13 18
14 17
15 29
17 19
17 24
18 22
18 23
21 25
22 28
24 27
6
1 2
1 5
1 6
2 3
2 4
3 5
7
1 2
1 3
1 4
1 6
1 7
2 5
4 7
7
1 2
1 3
2 4
3 5
3 6
4 6
4 7
17
1 2
2 3
2 4
2 11
2 12
3 7
3 9
4 5
4 17
5 6
5 10
7 8
7 11
7 15
7 16
8 14
12 13
19
1 2
1 3
1 4
1 9
2 5
2 12
2 16
3 8
4 6
4 7
5 13
5 19
6 11
6 18
7 10
7 15
11 14
12 17
16 17
30
1 2
1 14
2 3
2 11
2 17
3 4
3 6
3 9
3 10
3 29
4 5
4 7
4 8
5 19
5 24
7 27
8 16
8 28
9 30
10 13
10 15
10 22
11 12
11 21
12 18
16 20
18 23
18 25
20 26
21 27
26
1 2
1 3
1 8
1 16
1 24
2 7
2 9
2 10
3 4
3 6
3 18
3 26
4 5
5 14
5 15
6 11
7 12
7 13
9 19
12 20
12 23
13 17
13 21
14 25
17 22
21 22
24
1 2
1 4
1 8
2 3
2 6
2 7
2 9
2 11
2 19
3 5
3 7
3 10
3 14
3 23
6 15
7 12
7 24
9 13
10 16
11 18
11 22
13 20
15 17
19 21
21
1 2
1 4
2 3
2 8
3 5
4 6
4 13
5 17
6 7
6 10
7 16
7 18
8 9
8 11
8 15
9 12
11 17
12 14
14 20
16 19
16 21
6
1 2
1 3
1 6
2 4
3 5
4 5
14
1 2
1 3
1 5
2 6
2 7
2 12
3 4
3 13
5 8
6 7
7 9
7 11
8 10
10 14
5
1 2
1 3
2 5
3 4
4 5
29
1 2
1 3
1 9
1 15
3 4
3 5
3 11
3 13
3 24
3 25
4 6
5 7
5 20
6 8
6 16
6 21
6 22
7 10
8 23
8 26
9 12
10 19
11 18
12 14
12 27
15 17
18 29
21 24
25 28
20
1 2
1 3
1 4
1 5
1 10
1 11
2 17
3 9
4 8
5 6
5 19
6 7
6 12
6 20
7 16
12 13
12 14
14 15
14 18
18 19
11
1 2
1 10
2 3
2 5
2 6
2 11
3 4
3 7
3 9
5 6
6 8
16
1 2
1 3
1 4
1 9
1 15
2 6
2 14
3 5
3 13
4 8
4 10
5 7
5 15
6 11
6 16
7 12
22
1 2
1 3
1 4
1 6
1 9
3 10
3 11
3 12
4 5
4 7
4 8
5 16
8 13
9 14
12 15
12 19
12 20
13 21
15 19
16 17
17 18
17 22
5
1 2
1 3
2 3
3 4
3 5
10
1 2
1 9
2 3
2 4
2 6
2 10
3 5
5 8
6 7
7 8
6
1 2
1 5
1 6
2 3
2 4
2 6
7
1 2
1 3
1 6
2 5
3 4
4 5
4 7
16
1 2
1 8
2 3
2 12
3 4
3 5
3 9
4 8
4 15
5 6
5 7
6 10
7 11
9 14
10 13
15 16
12
1 2
1 3
1 4
1 5
1 8
1 9
1 10
3 7
4 6
4 11
4 12
8 11
10
1 2
1 3
1 8
3 4
4 5
4 10
5 6
5 7
5 10
6 9
8
1 2
1 3
1 4
1 5
2 6
5 6
6 7
6 8
14
1 2
1 4
2 3
2 12
3 5
3 6
3 14
4 10
5 7
5 9
6 11
7 8
8 11
8 13
28
1 2
1 6
1 8
2 3
2 4
2 11
2 14
2 15
3 5
3 20
3 24
4 10
5 7
5 16
6 12
6 28
7 25
8 9
8 23
10 13
12 18
13 21
16 17
16 24
17 22
18 19
19 27
20 26
30
1 2
2 3
3 4
4 5
5 6
6 7
7 8
8 9
9 10
10 11
11 12
12 13
13 14
14 15
15 16
16 17
17 18
18 19
19 20
20 21
21 22
22 23
23 24
24 25
25 26
26 27
27 28
28 29
28 30
29 30
19
1 2
1 4
1 8
1 19
2 3
3 6
3 15
3 18
4 5
6 7
6 10
7 9
8 11
9 12
9 14
9 15
10 13
10 16
11 17
30
1 2
1 3
2 7
2 8
2 17
3 4
3 9
4 5
5 6
5 11
5 13
5 22
5 25
7 19
9 10
10 12
10 14
11 16
12 15
13 23
13 26
13 27
14 18
14 23
15 24
15 29
16 20
16 21
16 30
20 28
4
1 2
1 3
1 4
2 3
25
1 2
1 3
1 4
1 5
2 18
3 7
3 9
3 10
3 17
3 21
4 6
4 8
4 20
5 23
5 25
6 21
8 16
8 22
10 11
10 14
11 12
11 13
12 15
15 24
17 19
20
1 2
1 3
1 5
1 6
1 14
2 10
2 13
3 4
4 7
5 15
6 8
6 12
7 17
7 18
7 19
8 9
9 11
10 16
13 20
14 16
30
1 2
1 30
2 3
3 4
4 5
5 6
6 7
7 8
8 9
9 10
10 11
11 12
12 13
13 14
14 15
15 16
16 17
17 18
18 19
19 20
20 21
21 22
22 23
23 24
24 25
25 26
26 27
27 28
28 29
29 30
16
1 2
1 3
1 8
2 4
2 7
2 9
3 5
3 10
4 6
4 13
6 16
7 12
9 15
10 11
11 13
12 14
29
1 2
1 3
1 4
1 18
2 5
2 7
2 9
2 10
2 12
2 23
3 19
4 6
4 8
6 11
6 26
7 15
7 16
7 21
11 13
11 25
12 14
13 17
16 20
16 28
17 22
19 24
21 27
22 28
27 29
8
1 2
2 3
2 4
2 5
3 4
3 6
4 7
5 8
6
1 2
1 3
2 6
3 4
3 5
4 5
17
1 2
1 4
1 6
1 8
1 10
2 3
3 7
3 9
4 5
6 12
6 13
6 14
8 11
11 15
12 16
13 15
13 17
17
1 2
1 3
2 4
2 5
2 7
3 8
5 6
5 17
6 13
8 9
8 12
9 10
9 11
10 17
12 14
14 15
14 16
12
1 2
1 3
1 9
1 12
2 4
2 5
2 7
2 10
2 11
3 6
6 8
8 10
22
1 2
1 19
2 3
2 5
2 6
2 12
2 15
3 4
3 9
3 14
3 22
5 8
6 7
6 10
8 13
10 11
12 17
12 18
12 21
14 16
14 20
18 21
8
1 2
1 4
2 3
3 5
3 6
4 7
4 8
7 8
9
1 2
1 5
1 6
2 3
2 4
3 8
5 7
6 8
6 9
21
1 2
1 3
1 17
2 9
2 21
3 4
3 13
3 20
4 5
4 6
4 8
4 10
4 19
6 7
7 12
7 16
9 11
11 14
11 15
13 18
14 19
23
1 2
1 4
1 12
2 3
2 8
2 13
2 22
3 6
3 11
4 5
4 9
4 10
5 15
6 7
9 16
10 23
11 18
12 14
12 17
13 16
16 19
16 20
19 21
7
1 2
1 3
1 4
1 5
1 7
3 5
4 6
29
1 2
1 3
1 6
1 21
2 4
3 5
3 8
3 10
3 27
4 17
5 7
5 13
5 29
6 14
6 23
6 25
7 9
7 26
8 12
8 18
9 11
10 16
12 15
12 19
13 18
14 20
16 22
16 28
18 24
5
1 2
1 5
2 3
2 4
4 5
18
1 2
1 3
1 9
2 6
2 11
3 4
3 15
4 5
4 7
4 8
4 12
4 13
4 16
5 17
7 10
9 15
12 18
13 14
10
1 2
1 6
2 3
2 5
2 7
3 4
3 10
4 9
5 8
6 8
10
1 2
1 3
1 5
2 4
3 7
3 9
4 6
4 8
7 10
8 9
30
1 2
1 3
2 3
3 4
4 5
5 6
6 7
7 8
8 9
9 10
10 11
11 12
12 13
13 14
14 15
15 16
16 17
17 18
18 19
19 20
20 21
21 22
22 23
23 24
24 25
25 26
26 27
27 28
28 29
29 30
14
1 2
1 10
1 11
1 12
1 13
1 14
2 3
2 4
4 5
4 6
4 7
4 11
6 8
6 9
5
1 2
1 3
1 4
1 5
3 5
5
1 2
1 3
2 3
2 4
4 5
29
1 2
1 4
1 7
1 15
2 3
2 5
2 8
2 23
3 6
3 22
4 19
4 26
4 27
5 9
5 17
6 11
6 28
7 10
8 14
11 12
11 20
12 13
13 14
14 16
14 29
16 18
16 24
20 21
23 25
9
1 2
1 3
1 5
1 9
2 6
3 4
5 6
5 7
7 8
5
1 2
1 3
1 4
1 5
2 4
19
1 2
1 3
1 4
1 5
1 11
2 6
2 10
2 17
3 8
5 7
6 15
6 19
7 9
8 13
8 15
10 12
10 18
11 14
13 16
7
1 2
1 3
1 4
2 6
3 5
3 6
6 7
25
1 2
1 9
1 10
1 16
2 3
3 4
3 5
3 6
3 7
3 12
4 13
4 19
4 21
5 17
6 8
6 23
7 16
9 24
10 11
10 14
10 18
12 15
14 25
18 22
19 20
24
1 2
1 3
1 13
2 5
2 6
2 8
2 14
3 4
3 10
3 20
3 21
4 9
4 16
5 7
9 11
9 12
9 23
10 15
10 24
12 22
14 18
16 17
17 19
21 24
6
1 2
1 3
1 5
2 6
3 4
5 6
11
1 2
1 11
2 3
2 4
2 5
3 10
4 6
4 8
5 9
6 7
6 9
5
1 2
1 4
2 3
2 5
3 4
29
1 2
1 3
1 8
1 22
2 19
2 27
3 4
3 5
3 10
3 12
4 9
4 10
4 11
5 6
5 7
5 16
8 13
11 14
11 20
12 15
12 21
13 24
13 26
14 18
15 17
15 23
15 25
17 29
19 28
15
1 2
1 5
1 11
2 3
2 4
2 8
2 9
3 7
3 10
3 15
5 6
5 13
10 12
11 14
14 15
4
1 2
1 3
2 3
3 4
8
1 2
1 3
1 7
2 7
3 4
4 5
5 6
5 8
18
1 2
1 3
1 4
1 13
1 16
2 7
3 5
3 6
3 10
3 14
4 17
5 8
6 9
6 11
7 12
8 18
10 15
15 18
19
1 2
2 3
2 4
2 5
3 9
4 5
5 6
5 8
5 12
6 7
6 10
7 11
9 18
10 13
11 14
12 17
13 15
13 19
14 16
8
1 2
1 3
1 5
2 3
2 4
4 6
5 7
6 8
16
1 2
1 3
1 6
2 4
2 9
3 5
3 8
3 12
5 10
6 7
6 13
6 14
8 11
11 15
13 15
14 16
30
1 2
1 3
1 5
1 20
2 4
2 8
2 17
2 18
3 12
3 24
4 11
5 6
5 7
6 21
7 9
7 14
7 15
7 28
8 10
8 29
9 13
9 19
13 27
14 16
14 23
14 30
15 18
18 25
21 22
25 26
11
1 2
1 3
1 6
2 4
2 8
2 9
2 11
3 5
3 7
4 10
10 11
16
1 2
1 3
2 5
3 4
3 6
4 8
4 11
5 7
5 9
5 10
5 13
6 14
6 15
7 12
8 10
13 16
21
1 2
1 6
2 3
2 4
2 10
4 5
4 13
5 8
5 11
5 17
6 7
6 21
8 9
8 14
9 13
9 15
11 12
11 16
11 18
11 20
16 19
25
1 2
1 21
1 23
2 3
2 4
2 5
2 7
2 9
2 15
2 19
3 8
3 11
3 18
5 6
5 17
8 10
9 12
10 14
10 16
12 13
13 22
17 24
19 20
21 22
22 25
8
1 2
2 3
2 5
2 8
3 4
3 5
3 6
3 7
5
1 2
1 4
2 3
3 4
3 5
8
1 2
1 4
1 7
2 3
2 5
3 6
4 6
7 8
24
1 2
1 3
1 7
1 11
1 19
2 12
3 4
3 6
3 20
4 5
4 8
5 9
6 10
9 13
9 22
10 14
10 16
11 23
12 17
12 24
14 15
15 20
16 18
20 21
15
1 2
1 3
1 6
1 7
2 5
2 9
2 11
3 4
3 8
5 14
7 12
9 10
9 13
11 12
11 15
21
1 2
1 4
1 6
2 3
2 5
2 7
2 8
3 21
4 13
4 19
6 9
6 10
6 11
7 12
7 14
7 15
9 20
10 17
11 16
11 18
17 18
26
1 2
1 3
2 4
2 8
2 21
2 25
3 5
3 13
4 6
4 10
4 20
5 7
6 14
7 9
8 12
9 11
9 15
11 24
13 23
15 16
15 17
16 18
17 19
19 26
20 23
21 22
22
1 2
1 3
1 4
1 5
2 6
2 8
3 10
3 16
3 20
4 7
4 9
4 22
5 12
5 15
6 8
6 11
6 19
7 17
8 14
8 21
9 13
9 18
30
1 2
1 3
2 5
2 8
3 4
3 6
3 30
4 7
5 11
5 13
5 26
6 9
7 11
9 10
9 17
9 18
10 15
10 25
11 12
12 14
12 19
14 16
14 22
15 23
15 29
17 20
17 21
18 24
23 27
25 28
28
1 2
1 4
1 8
1 20
2 3
2 6
2 7
2 27
3 5
3 9
3 20
3 25
4 13
4 19
5 12
6 16
7 11
7 15
7 22
8 17
8 23
9 10
12 28
13 14
14 21
17 18
17 24
24 26
24
1 2
1 7
1 18
2 3
2 10
2 11
2 16
3 4
3 8
3 19
4 5
5 6
5 12
6 15
6 21
7 9
7 21
9 17
9 20
9 22
9 24
10 23
12 13
12 14
15
1 2
2 3
2 4
2 8
3 5
3 7
4 6
6 7
6 9
6 14
7 10
7 15
8 13
9 11
9 12
