100
5
1 2
2 3
2 4
3 4
3 5
3
1 2
1 3
2 3
21
1 2
1 3
1 4
2 5
2 7
2 8
2 10
2 17
3 6
4 9
5 12
5 16
5 20
6 18
7 11
8 15
10 13
10 14
12 14
14 19
15 21
17
1 2
1 3
1 4
1 7
1 13
2 5
2 9
4 8
4 12
5 6
5 17
7 10
8 11
9 14
11 16
12 14
12 15
5
1 2
1 5
2 3
2 4
2 5
9
1 2
1 7
2 3
2 7
3 4
3 5
5 6
5 9
6 8
12
1 2
1 4
2 3
2 5
3 4
4 6
4 8
5 10
6 7
6 9
7 12
10 11
29
1 2
1 4
1 5
2 3
2 6
2 8
2 16
2 17
2 19
2 29
3 9
3 11
4 14
5 10
6 7
6 23
6 27
7 13
10 12
11 20
11 28
13 15
15 18
15 24
16 22
16 25
17 21
20 29
25 26
19
1 2
1 3
1 4
1 7
1 14
2 6
2 15
4 5
5 10
5 16
6 11
6 13
7 8
8 9
8 11
8 12
9 19
12 17
16 18
20
1 2
2 3
2 7
3 4
4 5
4 16
4 20
5 6
5 8
5 10
6 11
7 12
8 9
8 13
10 19
12 14
12 15
16 17
16 18
17 19
27
1 2
1 10
1 12
1 16
1 27
2 3
2 4
2 5
2 6
2 25
4 14
4 17
5 7
5 13
5 26
7 8
7 11
7 15
8 9
8 23
9 18
10 22
11 18
13 24
14 20
16 19
20 21
6
1 2
2 3
2 6
3 4
3 5
4 6
11
1 2
1 4
1 7
2 3
2 6
4 5
5 11
6 9
6 11
7 8
8 10
8
1 2
1 5
1 7
2 3
2 5
2 6
3 4
6 8
26
1 2
1 6
1 14
2 3
2 4
2 5
2 7
2 11
2 12
2 16
2 21
4 19
5 8
5 24
6 18
7 9
7 10
8 17
8 20
9 13
11 17
11 22
12 15
12 26
22 23
22 25
14
1 2
1 3
1 4
1 6
1 8
1 13
2 5
2 9
5 9
6 7
6 11
9 10
9 12
11 14
23
1 2
1 3
1 19
1 21
2 13
3 4
3 7
3 9
4 5
4 10
5 6
5 23
6 9
6 14
6 18
7 8
7 12
7 22
10 11
11 15
13 16
16 17
18 20
16
1 2
1 5
1 6
1 8
1 16
2 3
2 4
2 14
3 10
4 12
4 13
6 7
8 9
8 11
8 16
14 15
4
1 2
1 4
2 3
2 4
4
1 2
1 3
1 4
2 3
24
1 2
1 10
2 3
2 4
2 5
2 6
2 13
3 7
3 18
5 8
5 12
5 17
6 14
6 20
6 22
6 24
7 9
8 11
9 15
9 17
12 19
15 16
16 21
16 23
24
1 2
1 4
1 19
2 3
2 5
2 14
2 22
2 24
3 17
4 6
6 7
7 8
7 9
7 15
7 24
9 10
9 11
9 18
11 12
11 13
11 23
12 16
15 20
20 21
12
1 2
1 3
1 12
2 6
2 7
3 4
4 5
4 10
5 7
7 8
7 9
7 11
13
1 2
1 3
1 4
1 10
2 5
2 11
3 6
3 8
3 9
4 12
5 7
6 12
12 13
21
1 2
1 3
1 7
2 4
2 5
2 6
2 8
2 12
3 9
3 16
3 18
4 11
5 10
7 14
8 9
8 15
9 20
11 13
14 19
14 21
15 17
30
1 2
1 8
1 24
2 3
2 4
2 6
2 23
3 5
3 10
3 28
4 11
4 15
4 18
6 7
6 9
7 14
8 12
9 13
9 21
11 19
13 16
13 26
14 17
15 27
16 20
16 22
19 25
26 29
27 30
29 30
5
1 2
2 3
3 4
3 5
4 5
19
1 2
1 4
1 5
1 6
2 3
2 10
3 11
3 18
4 8
4 9
4 12
4 15
4 17
5 7
5 10
5 14
9 13
11 16
17 19
14
1 2
1 4
1 6
2 3
2 5
2 10
5 7
5 8
5 13
6 9
6 12
7 8
10 11
11 14
15
1 2
1 4
1 7
2 3
2 8
3 12
4 5
5 6
5 13
7 9
7 11
9 10
9 15
11 14
13 15
20
1 2
1 11
1 12
2 3
2 4
2 9
3 7
4 5
4 6
4 20
6 18
7 8
7 10
8 14
9 13
9 15
13 17
15 16
15 19
17 20
17
1 2
1 3
1 4
1 13
1 15
2 5
2 14
3 16
5 6
5 7
6 8
6 10
7 11
8 9
8 12
11 13
14 17
19
1 2
1 3
1 6
1 11
1 16
2 5
2 10
2 12
3 4
3 7
3 9
4 9
6 8
7 18
9 15
11 13
12 14
13 17
16 19
4
1 2
1 4
2 3
3 4
18
1 2
1 3
1 5
2 6
2 7
3 4
3 8
4 18
5 14
6 9
7 11
7 15
8 12
9 10
10 14
11 13
13 17
15 16
12
1 2
1 3
1 7
2 4
3 8
3 9
4 5
5 6
7 10
7 11
9 11
11 12
16
1 2
1 3
3 4
4 5
4 6
4 7
4 8
4 9
5 9
8 10
8 12
9 11
9 13
12 15
13 14
14 16
23
1 2
1 4
1 5
1 19
2 3
2 21
3 11
3 14
3 20
4 6
4 7
4 9
5 15
6 8
6 10
6 12
6 18
7 17
10 13
10 20
10 22
10 23
15 16
4
1 2
1 3
1 4
2 4
12
1 2
1 3
1 5
1 6
1 8
2 4
2 10
3 7
4 7
4 9
6 11
6 12
11
1 2
1 3
1 4
1 6
1 7
3 5
4 7
4 9
5 8
6 10
6 11
7
1 2
1 3
1 7
2 4
2 5
2 6
6 7
26
1 2
1 3
1 8
1 22
2 4
2 11
2 16
2 20
2 25
3 5
3 7
3 10
3 12
3 21
5 6
5 9
5 15
7 12
8 13
10 14
10 18
12 17
12 23
15 24
16 19
23 26
7
1 2
1 3
1 4
3 6
4 5
4 6
4 7
27
1 2
1 4
1 6
1 10
1 12
1 18
2 3
2 5
2 8
2 25
4 7
4 23
6 13
6 16
7 11
8 9
8 19
9 14
9 17
9 21
9 24
10 22
10 26
10 27
11 26
14 15
15 20
23
1 2
1 3
1 4
1 8
3 7
4 5
4 6
5 10
5 15
6 12
7 9
8 11
8 14
8 16
9 12
10 19
11 13
12 20
12 21
13 18
14 17
14 22
20 23
15
1 2
1 3
2 4
2 5
3 5
3 13
4 9
4 12
5 6
5 11
6 7
6 8
6 10
6 15
7 14
30
1 2
1 30
2 3
3 4
4 5
5 6
6 7
7 8
8 9
9 10
10 11
11 12
12 13
13 14
14 15
15 16
16 17
17 18
18 19
19 20
20 21
21 22
22 23
23 24
24 25
25 26
26 27
27 28
28 29
29 30
21
1 2
1 3
1 12
1 21
2 4
2 7
2 13
3 19
4 5
4 8
5 6
5 18
7 9
7 10
8 15
8 20
10 11
12 14
15 16
16 17
16 21
7
1 2
1 4
2 3
2 4
2 5
3 6
3 7
11
1 2
1 3
1 11
2 4
2 5
2 8
2 10
4 7
5 6
6 8
8 9
5
1 2
1 4
2 3
2 5
3 5
5
1 2
1 3
2 3
2 4
3 5
7
1 2
2 3
2 4
2 5
3 7
4 6
5 7
30
1 2
1 5
1 16
2 3
2 4
2 6
2 9
3 12
3 17
3 18
4 7
4 8
5 14
6 11
6 19
7 10
7 19
10 13
10 15
10 21
11 23
11 24
11 25
11 27
13 22
15 20
22 26
23 29
26 28
29 30
6
1 2
2 3
2 4
3 4
4 5
5 6
8
1 2
1 3
1 6
1 7
2 5
2 7
3 4
7 8
28
1 2
1 3
1 4
1 17
1 24
2 5
2 8
3 11
3 12
4 20
5 6
5 7
5 9
5 10
6 16
6 25
7 14
7 26
9 19
9 27
10 15
10 18
12 13
14 23
16 21
16 22
16 28
21 25
27
1 2
2 3
2 4
2 24
3 5
3 6
3 15
4 14
4 20
5 16
5 22
6 7
7 8
7 9
7 10
7 27
8 12
8 13
10 11
10 14
10 18
12 19
12 25
15 17
19 21
21 23
21 26
20
1 2
1 3
1 4
1 15
2 7
2 12
2 14
3 9
4 5
4 6
5 8
6 11
6 16
6 17
7 13
9 10
9 20
10 16
11 18
16 19
9
1 2
1 6
2 3
2 4
3 5
3 7
4 8
5 7
6 9
26
1 2
1 3
1 24
2 4
2 5
2 9
3 8
3 23
4 7
4 11
4 14
4 19
5 6
5 16
6 24
7 12
8 17
8 25
9 10
10 20
12 13
12 18
14 15
14 26
16 22
17 21
9
1 2
1 3
1 8
2 4
2 8
4 5
4 7
4 9
5 6
7
1 2
1 4
2 3
2 5
2 6
3 5
6 7
16
1 2
1 3
1 4
1 15
2 10
2 14
3 5
3 8
3 12
4 7
4 13
5 6
5 9
5 13
7 11
14 16
4
1 2
1 3
2 3
2 4
12
1 2
1 3
1 4
1 5
1 12
3 7
3 12
5 6
5 8
6 9
7 10
8 11
30
1 2
2 3
3 4
4 5
5 6
6 7
7 8
8 9
9 10
10 11
11 12
12 13
13 14
14 15
15 16
16 17
17 18
18 19
19 20
20 21
21 22
22 23
23 24
24 25
25 26
26 27
27 28
28 29
28 30
29 30
22
1 2
2 3
2 8
2 11
2 12
3 4
4 5
4 9
5 6
5 14
6 7
6 13
6 17
8 10
8 16
8 21
11 15
11 19
11 22
12 18
15 21
18 20
15
1 2
1 4
1 6
1 15
2 3
2 5
2 7
2 9
4 10
5 8
6 11
7 12
7 15
9 14
12 13
8
1 2
1 3
1 5
2 8
3 4
3 6
5 6
6 7
28
1 2
1 22
2 3
2 5
2 6
2 7
2 18
3 4
4 8
5 10
5 26
6 9
6 12
6 19
7 24
8 11
8 22
9 15
10 13
12 14
13 16
15 17
15 27
18 20
19 21
21 23
22 28
24 25
8
1 2
1 3
1 5
3 4
3 7
4 6
5 8
6 8
7
1 2
1 3
1 6
2 3
2 4
2 5
3 7
8
1 2
1 3
1 6
1 8
2 4
2 7
4 5
6 8
30
1 2
1 3
1 4
1 7
2 16
2 18
3 5
3 11
3 12
3 23
3 26
4 6
4 21
4 29
5 9
5 10
5 24
5 25
7 8
7 19
9 20
11 13
12 27
13 14
13 17
14 15
14 22
19 25
23 28
27 30
22
1 2
1 3
1 11
2 6
2 14
3 4
3 7
4 5
4 9
4 13
5 8
5 13
6 15
7 12
7 18
7 19
8 16
9 10
9 17
12 20
12 21
16 22
20
1 2
1 3
1 6
3 4
3 5
3 9
3 10
3 13
4 11
4 17
5 10
5 16
6 7
7 8
7 12
7 20
8 14
8 15
9 18
17 19
27
1 2
1 4
1 7
1 9
2 3
2 5
2 8
2 24
3 21
4 12
5 6
5 10
5 13
5 20
5 22
5 23
7 14
7 16
7 18
8 11
8 15
14 19
15 17
17 25
18 24
18 26
19 27
6
1 2
1 3
1 4
2 4
2 5
5 6
27
1 2
1 3
1 4
1 7
1 12
1 17
2 5
3 6
3 24
4 9
4 26
5 8
5 10
5 20
5 22
6 7
6 11
6 21
6 23
7 13
8 16
12 15
12 19
13 14
16 18
16 25
18 27
15
1 2
1 13
2 3
2 4
2 7
3 5
3 6
3 8
3 11
5 15
6 9
6 10
7 12
10 14
14 15
22
1 2
1 5
1 18
2 3
2 4
2 13
2 20
3 6
3 7
3 9
3 16
3 21
4 14
5 10
5 12
5 15
5 22
6 8
6 11
7 19
8 14
8 17
30
1 2
1 10
1 16
1 21
2 3
2 4
2 5
2 8
2 13
4 6
4 7
4 9
5 11
5 26
6 22
7 20
8 15
8 17
8 18
8 24
8 27
9 28
11 12
11 14
12 23
18 19
18 30
19 25
23 30
27 29
11
1 2
1 3
1 4
2 7
2 8
2 11
3 4
3 5
5 6
5 9
9 10
9
1 2
1 3
1 8
2 4
2 7
3 8
4 5
5 6
6 9
30
1 2
1 3
2 3
3 4
4 5
5 6
6 7
7 8
8 9
9 10
10 11
11 12
12 13
13 14
14 15
15 16
16 17
17 18
18 19
19 20
20 21
21 22
22 23
23 24
24 25
25 26
26 27
27 28
28 29
29 30
4
1 2
1 3
2 4
3 4
8
1 2
1 4
1 5
1 7
2 3
3 6
4 8
6 7
18
1 2
1 3
1 7
2 9
2 17
3 4
3 15
3 16
4 5
4 6
6 8
6 13
8 11
8 13
9 10
9 12
9 14
17 18
12
1 2
1 12
2 3
2 7
2 11
3 4
3 5
3 6
6 8
7 9
8 10
8 12
17
1 2
1 3
1 11
1 12
1 17
2 4
2 15
3 5
3 13
5 6
5 10
6 7
6 8
7 9
7 14
8 15
11 16
29
1 2
1 5
1 6
2 3
2 10
2 11
2 21
3 4
3 25
4 9
4 12
5 7
5 8
5 16
5 22
7 15
10 13
10 18
11 14
13 29
15 17
16 24
17 27
17 28
18 19
18 20
18 25
19 26
22 23
23
1 2
1 13
2 3
3 4
3 5
4 6
4 8
5 10
5 19
6 7
6 15
6 16
6 17
7 9
7 14
8 12
9 11
13 20
13 22
13 23
16 21
17 18
18 20
6
1 2
1 3
2 6
3 4
3 5
4 6
21
1 2
1 3
1 17
1 20
2 4
2 8
2 13
3 5
3 7
5 6
5 9
6 7
6 12
6 14
6 19
6 21
8 10
9 11
10 15
10 16
12 18
16
1 2
1 3
1 13
2 6
2 8
2 11
2 12
3 4
3 5
5 14
6 7
6 8
6 16
7 9
8 10
14 15
28
1 2
1 3
1 6
2 5
3 4
3 10
3 11
3 25
4 7
5 9
6 15
7 8
7 14
7 20
9 12
10 13
11 22
11 28
13 17
13 24
14 21
15 16
15 23
16 18
16 19
16 25
17 27
21 26
30
1 2
1 4
1 8
1 10
1 11
1 15
2 3
2 5
3 6
4 21
5 9
6 7
6 20
6 28
8 12
8 29
10 13
10 16
11 22
11 25
12 14
12 18
12 26
13 17
14 19
15 18
17 23
18 24
22 27
23 30
17
1 2
1 3
1 12
1 15
2 4
2 6
3 5
3 8
3 9
4 14
6 7
6 10
8 11
8 17
9 13
11 14
15 16
