100
5
1 2
2 3
2 4
3 4
3 5
3
1 2
1 3
2 3
17
1 2
1 8
1 10
1 13
2 3
2 4
2 15
3 5
4 6
4 14
5 7
6 11
7 13
8 9
8 16
11 12
12 17
19
1 2
1 3
1 10
2 4
2 5
3 4
3 8
3 9
3 12
4 14
4 18
5 6
6 7
7 16
10 11
10 13
10 17
14 15
17 19
14
1 2
1 4
2 3
2 5
2 6
2 12
4 7
4 13
6 9
7 8
8 14
9 10
9 11
10 11
9
1 2
1 7
2 3
2 4
3 8
4 5
5 6
5 7
5 9
27
1 2
1 3
1 12
1 15
2 7
3 4
3 5
3 22
5 6
5 16
5 26
6 8
6 9
6 10
6 11
7 13
7 14
7 17
7 24
10 23
12 18
13 20
13 21
15 19
18 24
20 25
25 27
6
1 2
1 3
1 4
1 6
2 3
2 5
12
1 2
1 4
2 3
2 7
2 9
3 5
4 6
4 12
5 8
8 10
8 11
9 12
17
1 2
1 3
1 4
1 7
3 5
3 9
4 6
4 8
4 10
4 12
4 13
6 16
8 11
8 13
8 15
12 14
13 17
29
1 2
1 3
1 4
1 6
1 8
1 12
1 19
1 22
1 28
3 5
3 14
4 17
5 7
5 9
5 24
5 29
6 10
6 25
7 21
7 27
8 13
8 15
9 26
10 11
12 16
12 28
15 18
15 20
18 23
17
1 2
1 3
1 6
2 11
3 4
3 5
3 7
4 12
4 13
5 9
6 8
6 10
6 14
6 16
7 15
7 17
11 15
14
1 2
1 5
1 6
1 11
2 3
2 4
2 6
2 10
4 8
6 7
6 14
8 9
9 12
9 13
8
1 2
1 4
2 3
2 6
3 5
4 6
5 7
6 8
15
1 2
1 13
1 15
2 3
2 4
3 5
3 6
3 8
4 9
4 12
5 7
5 10
6 11
6 12
8 14
7
1 2
1 6
2 3
3 4
4 5
5 6
6 7
26
1 2
1 14
1 15
2 3
2 4
2 22
3 10
4 5
4 8
4 9
4 22
5 6
5 7
6 23
7 13
7 19
8 12
8 20
8 26
9 11
10 25
11 18
11 21
13 17
14 16
17 24
13
1 2
2 3
3 4
3 5
3 7
3 13
4 6
4 9
4 11
5 8
5 9
7 12
9 10
26
1 2
1 3
1 16
1 26
2 4
2 8
2 9
3 18
3 20
4 5
5 6
5 7
5 14
5 21
6 11
6 18
7 10
8 15
8 17
9 13
10 12
11 19
11 24
16 23
18 22
19 25
7
1 2
1 4
2 3
3 6
4 5
5 7
6 7
19
1 2
1 3
1 7
2 6
2 9
2 10
2 12
2 15
2 16
2 18
2 19
3 4
3 5
3 14
4 11
5 8
5 19
12 13
14 17
5
1 2
1 5
2 3
3 4
3 5
23
1 2
1 6
1 7
2 3
2 4
2 5
2 8
2 16
3 14
4 15
5 9
5 10
5 11
5 21
6 12
6 13
6 18
9 17
10 19
12 23
13 20
13 22
15 19
30
1 2
1 7
1 8
1 9
2 3
2 4
2 6
2 12
3 5
3 24
4 11
4 20
5 13
5 14
5 27
6 19
7 10
7 15
7 30
10 18
10 25
12 16
12 23
13 17
14 19
15 22
17 26
18 28
19 21
20 29
10
1 2
2 3
2 4
2 5
4 9
5 6
6 7
6 8
8 9
9 10
10
1 2
1 3
2 4
3 5
4 6
4 7
5 8
5 9
6 7
7 10
20
1 2
1 3
1 4
2 6
2 9
4 5
4 7
5 10
5 15
6 8
6 11
8 14
9 13
10 12
10 18
10 19
11 15
11 20
12 16
14 17
4
1 2
1 3
1 4
2 3
8
1 2
1 3
1 8
3 4
3 8
4 5
4 6
6 7
18
1 2
1 3
1 17
2 4
2 7
3 6
4 5
4 10
4 18
5 15
6 8
6 9
6 12
6 14
6 15
10 11
10 13
10 16
4
1 2
2 3
2 4
3 4
25
1 2
1 3
1 6
1 15
2 7
2 16
3 4
3 10
3 25
4 5
4 8
4 20
4 23
5 9
6 13
6 21
6 22
9 11
9 12
10 15
11 14
13 17
14 19
15 24
17 18
8
1 2
1 3
1 4
1 5
2 6
2 7
4 8
7 8
21
1 2
1 7
1 9
1 11
1 15
1 20
2 3
2 5
2 14
3 4
3 6
3 8
3 16
5 10
5 18
6 19
8 12
8 21
10 12
11 17
12 13
18
1 2
1 3
1 4
1 7
2 18
3 5
3 6
3 7
3 13
3 17
4 8
5 9
6 12
9 10
10 11
12 14
12 15
15 16
30
1 2
2 3
3 4
4 5
5 6
6 7
7 8
8 9
9 10
10 11
11 12
12 13
13 14
14 15
15 16
16 17
17 18
18 19
19 20
20 21
21 22
22 23
23 24
24 25
25 26
26 27
27 28
28 29
28 30
29 30
7
1 2
1 5
2 3
3 4
3 6
3 7
4 6
22
1 2
1 4
1 8
1 13
2 3
2 5
2 11
2 17
4 6
4 9
4 10
5 7
6 12
6 14
6 20
8 16
9 15
10 15
10 18
13 19
14 21
14 22
26
1 2
1 3
2 5
2 10
2 13
2 14
3 4
3 8
3 12
4 6
4 7
5 7
5 9
6 20
8 11
8 17
11 16
11 23
11 25
13 22
14 15
15 18
15 24
16 19
16 26
18 21
27
1 2
1 4
1 18
2 3
2 6
2 16
2 19
3 17
4 5
4 8
4 10
4 26
5 12
5 21
6 7
6 9
7 12
7 27
8 14
9 13
9 24
10 11
10 20
12 15
12 22
18 23
23 25
30
1 2
1 3
2 3
3 4
4 5
5 6
6 7
7 8
8 9
9 10
10 11
11 12
12 13
13 14
14 15
15 16
16 17
17 18
18 19
19 20
20 21
21 22
22 23
23 24
24 25
25 26
26 27
27 28
28 29
29 30
9
1 2
1 3
1 4
2 5
3 5
3 6
5 7
7 8
7 9
5
1 2
1 3
1 4
2 5
3 5
16
1 2
1 3
1 4
1 5
1 6
1 7
1 11
3 10
5 8
5 9
5 10
5 14
6 15
7 13
8 12
15 16
30
1 2
1 8
1 11
1 12
1 20
1 26
2 3
2 4
2 25
3 5
3 6
4 9
5 7
5 19
5 29
6 27
7 10
7 13
7 17
7 18
9 14
9 16
9 23
9 30
12 15
12 21
13 28
15 24
17 21
20 22
30
1 2
1 5
1 11
1 20
2 3
2 6
2 8
3 4
5 7
6 29
7 9
7 13
7 14
7 27
8 22
9 10
9 21
9 25
11 12
11 15
11 23
11 24
12 17
12 19
13 18
15 16
20 26
23 28
23 30
24 25
27
1 2
1 3
1 6
2 7
2 9
2 10
2 23
3 4
3 16
3 17
4 5
4 8
6 14
7 25
8 15
9 12
9 13
9 20
10 11
10 18
10 27
12 17
13 19
13 24
16 22
17 21
19 26
26
1 2
2 3
2 4
2 6
2 10
2 26
3 9
4 5
4 17
4 18
5 7
5 11
6 23
7 8
7 12
7 15
8 19
8 22
9 14
9 16
9 20
10 14
10 21
11 13
14 25
19 24
24
1 2
1 4
1 19
2 3
2 18
2 24
3 5
3 6
5 7
5 9
5 11
5 19
6 8
7 10
7 12
7 17
7 22
7 23
8 15
10 21
11 13
12 16
13 14
16 20
30
1 2
1 5
2 3
2 6
2 18
2 27
3 4
3 7
3 8
3 14
4 22
5 15
6 9
7 16
8 10
8 13
9 12
9 17
9 25
10 11
10 29
11 21
12 20
12 30
15 19
15 24
19 30
20 26
22 23
22 28
17
1 2
1 14
2 3
2 4
2 6
3 5
4 12
5 8
5 9
6 7
6 11
6 13
8 10
12 15
12 16
14 17
16 17
15
1 2
1 6
2 3
2 4
2 14
4 5
5 7
5 12
6 8
6 11
7 10
8 9
8 13
10 11
12 15
13
1 2
2 3
2 4
2 6
2 7
3 5
3 8
4 9
5 11
7 12
8 9
9 10
11 13
13
1 2
1 5
1 12
1 13
2 3
2 6
3 4
3 7
3 11
4 7
6 9
7 8
9 10
29
1 2
1 3
1 8
1 11
2 7
3 4
3 5
3 9
4 25
5 6
5 10
6 19
6 23
7 20
7 24
9 12
9 13
10 17
11 14
11 15
12 16
15 18
15 25
15 26
15 28
18 22
19 21
23 27
27 29
10
1 2
2 3
2 4
2 9
3 5
3 6
4 7
5 8
7 8
7 10
10
1 2
1 9
2 3
2 4
2 9
3 6
3 7
4 5
4 8
7 10
10
1 2
2 3
2 5
2 7
3 4
3 6
5 10
6 8
7 10
8 9
6
1 2
1 3
1 4
1 5
1 6
2 4
19
1 2
2 3
2 5
2 12
3 4
3 6
3 7
3 9
4 10
4 11
6 8
6 9
6 19
7 14
7 15
9 18
10 13
12 16
13 17
4
1 2
1 3
1 4
3 4
5
1 2
1 4
1 5
2 3
2 4
27
1 2
1 6
1 10
1 14
2 3
3 4
3 5
3 9
6 7
6 8
7 11
8 12
8 15
8 25
9 17
9 22
9 26
11 13
11 24
12 16
13 19
13 21
14 20
16 22
16 23
17 18
24 27
21
1 2
1 5
1 7
2 3
2 6
2 17
3 4
4 9
4 12
5 19
6 13
6 14
6 16
7 8
7 10
7 21
10 11
11 15
12 21
16 18
19 20
10
1 2
2 3
2 4
2 8
3 5
3 8
4 9
5 6
5 7
8 10
4
1 2
1 3
2 4
3 4
4
1 2
1 3
2 3
2 4
30
1 2
1 3
1 12
1 17
1 22
1 25
2 4
2 5
2 8
4 6
4 7
4 9
4 10
4 13
4 27
5 19
6 18
6 23
8 15
10 11
11 28
12 14
12 21
14 16
14 29
16 20
17 30
18 24
22 24
24 26
8
1 2
1 3
1 6
2 4
2 5
4 5
6 7
7 8
25
1 2
1 3
2 5
3 4
3 7
3 12
3 17
5 6
5 12
5 21
5 24
6 8
6 9
6 13
6 16
7 20
7 25
8 10
8 14
9 11
11 15
11 22
17 18
17 19
21 23
28
1 2
1 3
1 5
2 6
2 8
2 15
3 4
3 7
3 14
4 13
5 9
6 12
6 22
7 21
7 25
7 27
9 10
9 11
9 26
12 23
14 16
15 17
17 18
17 19
17 20
17 24
23 25
26 28
21
1 2
1 3
1 5
1 18
1 19
2 12
3 4
3 8
3 17
4 6
4 11
5 11
6 7
6 9
6 10
8 15
10 13
10 14
13 16
13 21
18 20
23
1 2
2 3
2 10
3 4
3 5
3 13
3 23
4 6
5 18
6 7
6 13
7 8
8 9
8 12
9 11
9 14
9 21
10 19
11 15
11 17
14 16
18 20
19 22
7
1 2
1 5
1 7
2 3
2 6
3 4
4 7
21
1 2
1 3
1 8
2 4
2 12
3 5
3 6
3 10
3 14
4 17
5 7
6 11
6 13
7 15
7 20
8 9
10 11
11 18
15 16
15 19
17 21
7
1 2
1 4
1 5
2 3
3 6
3 7
4 7
19
1 2
1 4
1 9
1 13
2 3
2 16
3 12
4 5
4 6
4 7
4 17
5 8
7 15
8 11
8 18
9 10
9 19
10 14
10 19
28
1 2
1 10
2 3
2 4
2 6
2 8
2 13
3 5
3 9
3 11
3 17
4 7
4 16
5 15
5 18
8 14
9 15
9 20
10 19
11 12
12 21
15 24
21 22
22 23
23 27
24 25
25 26
27 28
15
1 2
1 4
1 12
2 3
2 8
2 13
2 15
3 6
4 5
4 10
5 7
6 9
7 11
9 12
10 14
30
1 2
1 30
2 3
3 4
4 5
5 6
6 7
7 8
8 9
9 10
10 11
11 12
12 13
13 14
14 15
15 16
16 17
17 18
18 19
19 20
20 21
21 22
22 23
23 24
24 25
25 26
26 27
27 28
28 29
29 30
22
1 2
1 5
1 6
1 10
1 11
1 16
2 3
3 4
3 9
3 12
3 21
4 17
5 7
5 16
6 8
6 14
8 18
9 22
10 15
10 20
11 13
18 19
19
1 2
1 15
2 3
2 4
2 18
3 12
3 14
4 5
4 13
4 17
5 6
5 7
5 10
6 8
6 9
8 11
10 19
15 16
17 19
29
1 2
1 19
2 3
2 4
2 29
3 5
3 7
3 16
4 6
5 8
5 26
6 9
6 12
6 21
6 22
8 11
8 15
8 25
9 10
10 14
11 23
12 13
12 17
13 14
13 20
14 18
20 28
22 24
26 27
26
1 2
1 4
1 16
2 3
2 7
2 8
2 9
3 13
4 5
5 6
7 10
7 19
8 11
8 14
8 21
9 12
9 15
10 24
11 21
13 22
14 17
14 20
15 18
15 25
18 26
19 23
7
1 2
1 4
1 6
1 7
2 3
2 5
3 7
4
1 2
1 4
2 3
2 4
8
1 2
2 3
2 4
3 4
3 8
4 5
4 6
6 7
19
1 2
1 7
1 10
2 3
3 4
3 5
3 11
4 6
4 8
4 9
4 10
8 14
9 12
10 13
10 15
12 17
12 18
13 16
13 19
25
1 2
1 3
2 9
3 4
3 11
3 16
3 17
4 5
4 7
4 10
5 6
6 13
6 19
7 8
9 15
10 21
11 12
13 14
13 18
13 22
14 22
15 20
16 25
17 24
20 23
25
1 2
1 3
1 4
1 5
1 14
1 17
2 11
2 15
2 21
4 7
4 8
5 6
5 9
5 12
5 20
6 19
9 10
11 13
11 16
12 18
13 25
16 23
19 22
20 21
21 24
6
1 2
2 3
3 4
3 6
4 5
4 6
17
1 2
1 7
2 3
2 4
2 9
3 5
3 6
3 14
4 12
6 10
6 13
6 15
7 8
8 16
8 17
9 11
13 14
5
1 2
1 3
2 4
2 5
3 4
9
1 2
1 3
1 5
2 6
2 7
3 4
4 8
4 9
5 7
24
1 2
1 4
2 3
2 7
2 13
3 5
3 22
5 6
5 10
6 17
7 8
7 9
7 12
8 21
9 11
9 14
10 22
12 16
12 20
13 19
14 15
14 18
19 24
20 23
6
1 2
1 3
1 5
2 4
2 6
3 4
6
1 2
1 3
1 6
3 4
3 5
3 6
5
1 2
1 3
1 5
2 5
3 4
20
1 2
1 14
1 19
2 3
2 4
2 11
3 5
3 6
3 7
4 7
4 9
4 13
5 15
6 8
6 10
8 12
13 16
14 20
16 17
16 18
18
1 2
1 3
1 6
1 8
1 13
2 4
2 10
3 17
4 5
4 16
5 10
6 7
6 9
7 12
8 14
9 11
13 15
13 18
